59.219 22.7105 59.5046 25.6129
59.3973 21.447 -35.6965 29.3019
59.1424 21.0127 -74.5705 31.8575
59.6256 21.7821 -10.152 38.1096
59.6214 22.2864 13.4321 38.4498
58.8923 22.8915 103.513 28.403
59.7319 21.3536 -24.6122 48.3023
59.6719 22.7411 29.756 46.3054
58.4229 21.4566 -154.19 38.6634
58.75 21.4822 -133.126 22.02
59.1517 21.2776 -67.8193 24.2107
58.1668 21.7189 -170.086 50.9131
58.4716 22.8592 140.131 41.572
59.3715 21.1535 -49.9218 34.4129
59.3956 22.7517 44.5698 33.2749
59.6958 21.752 -10.4235 42.3924
58.1579 22.3388 168.242 51.6278
59.6129 21.4354 -25.4458 40.8156
58.3248 22.8892 145.924 49.1743
58.0432 21.7346 -171.824 58.1442
