59.2177 22.7113 59.5046 25.6129
59.3969 21.4507 -35.6965 29.3019
59.1444 21.0105 -74.5705 31.8575
59.6234 21.7831 -10.152 38.1096
59.6212 22.2882 13.4321 38.4498
58.8933 22.8913 103.513 28.403
59.7301 21.3521 -24.6122 48.3023
59.6696 22.7417 29.756 46.3054
58.4235 21.4565 -154.19 38.6634
58.7499 21.4817 -133.126 22.02
59.153 21.2775 -67.8193 24.2107
58.1662 21.7188 -170.086 50.9131
58.4715 22.8595 140.131 41.572
59.3716 21.1511 -49.9218 34.4129
59.3951 22.7525 44.5698 33.2749
59.6941 21.7533 -10.4235 42.3924
58.1598 22.3403 168.242 51.6278
59.6141 21.4353 -25.4458 40.8156
58.3246 22.8889 145.924 49.1743
58.0436 21.7333 -171.824 58.1442
