59.2182 22.7108 59.5046 25.6129
59.3966 21.4506 -35.6965 29.3019
59.1452 21.0089 -74.5705 31.8575
59.6223 21.7842 -10.152 38.1096
59.6231 22.2889 13.4321 38.4498
58.8918 22.8914 103.513 28.403
59.7307 21.3535 -24.6122 48.3023
59.6727 22.7407 29.756 46.3054
58.4232 21.4583 -154.19 38.6634
58.7513 21.48 -133.126 22.02
59.1542 21.2757 -67.8193 24.2107
58.1663 21.7181 -170.086 50.9131
58.4718 22.8578 140.131 41.572
59.3693 21.1507 -49.9218 34.4129
59.3971 22.7546 44.5698 33.2749
59.6948 21.7514 -10.4235 42.3924
58.16 22.3369 168.242 51.6278
59.6132 21.4369 -25.4458 40.8156
58.3252 22.8889 145.924 49.1743
58.0429 21.7339 -171.824 58.1442
