59.2178 22.7112 59.5046 25.6129
59.3969 21.4496 -35.6965 29.3019
59.1444 21.0107 -74.5705 31.8575
59.6234 21.7845 -10.152 38.1096
59.6215 22.2881 13.4321 38.4498
58.8937 22.8901 103.513 28.403
59.7308 21.351 -24.6122 48.3023
59.6695 22.7415 29.756 46.3054
58.4225 21.4574 -154.19 38.6634
58.7499 21.4813 -133.126 22.02
59.1535 21.2782 -67.8193 24.2107
58.1668 21.7185 -170.086 50.9131
58.4715 22.8593 140.131 41.572
59.3706 21.1524 -49.9218 34.4129
59.3956 22.753 44.5698 33.2749
59.6935 21.7523 -10.4235 42.3924
58.1593 22.3399 168.242 51.6278
59.6133 21.434 -25.4458 40.8156
58.3254 22.8887 145.924 49.1743
58.0433 21.7336 -171.824 58.1442
