59.2155 22.7082 59.5046 25.6129
59.3948 21.4457 -35.6965 29.3019
59.1418 21.012 -74.5705 31.8575
59.6218 21.7848 -10.152 38.1096
59.6259 22.2858 13.4321 38.4498
58.8891 22.8929 103.513 28.403
59.7332 21.3509 -24.6122 48.3023
59.6741 22.7434 29.756 46.3054
58.4186 21.4597 -154.19 38.6634
58.7483 21.4837 -133.126 22.02
59.1572 21.281 -67.8193 24.2107
58.1694 21.7205 -170.086 50.9131
58.4706 22.859 140.131 41.572
59.3723 21.1519 -49.9218 34.4129
59.3957 22.7552 44.5698 33.2749
59.6936 21.7566 -10.4235 42.3924
58.1594 22.3358 168.242 51.6278
59.6162 21.4318 -25.4458 40.8156
58.3249 22.8879 145.924 49.1743
58.0445 21.7335 -171.824 58.1442
