59.2202 22.7131 59.5046 25.6129
59.3943 21.4471 -35.6965 29.3019
59.1422 21.0086 -74.5705 31.8575
59.6211 21.7829 -10.152 38.1096
59.6244 22.2869 13.4321 38.4498
58.8904 22.8918 103.513 28.403
59.7332 21.3533 -24.6122 48.3023
59.6695 22.74 29.756 46.3054
58.4216 21.4587 -154.19 38.6634
58.7517 21.4845 -133.126 22.02
59.1556 21.2773 -67.8193 24.2107
58.1652 21.7158 -170.086 50.9131
58.4729 22.8611 140.131 41.572
59.3723 21.1504 -49.9218 34.4129
59.3937 22.75 44.5698 33.2749
59.6949 21.7511 -10.4235 42.3924
58.1588 22.3389 168.242 51.6278
59.6131 21.437 -25.4458 40.8156
58.326 22.888 145.924 49.1743
58.0446 21.7321 -171.824 58.1442
