59.2185 22.711 59.5046 25.6129
59.3978 21.4482 -35.6965 29.3019
59.1448 21.01 -74.5705 31.8575
59.6246 21.7847 -10.152 38.1096
59.6222 22.2869 13.4321 38.4498
58.8915 22.89 103.513 28.403
59.7315 21.3527 -24.6122 48.3023
59.6711 22.74 29.756 46.3054
58.4235 21.4583 -154.19 38.6634
58.7513 21.4809 -133.126 22.02
59.1542 21.2774 -67.8193 24.2107
58.1675 21.717 -170.086 50.9131
58.4725 22.8598 140.131 41.572
59.3723 21.152 -49.9218 34.4129
59.3974 22.7519 44.5698 33.2749
59.6942 21.7537 -10.4235 42.3924
58.1593 22.3382 168.242 51.6278
59.6135 21.4358 -25.4458 40.8156
58.3266 22.8885 145.924 49.1743
58.0421 21.7342 -171.824 58.1442
