59.2165 22.7079 59.5046 25.6129
59.3954 21.4485 -35.6965 29.3019
59.1421 21.0085 -74.5705 31.8575
59.6272 21.7855 -10.152 38.1096
59.62 22.2883 13.4321 38.4498
58.8906 22.8901 103.513 28.403
59.73 21.3525 -24.6122 48.3023
59.673 22.7424 29.756 46.3054
58.4243 21.4588 -154.19 38.6634
58.7513 21.48 -133.126 22.02
59.1547 21.276 -67.8193 24.2107
58.1678 21.7152 -170.086 50.9131
58.4743 22.8554 140.131 41.572
59.3713 21.1522 -49.9218 34.4129
59.3981 22.7521 44.5698 33.2749
59.6908 21.7557 -10.4235 42.3924
58.1607 22.3375 168.242 51.6278
59.6173 21.4319 -25.4458 40.8156
58.3268 22.8908 145.924 49.1743
58.04 21.7318 -171.824 58.1442
