59.2212 22.7113 59.5046 25.6129
59.3982 21.451 -35.6965 29.3019
59.1443 21.0113 -74.5705 31.8575
59.6224 21.7819 -10.152 38.1096
59.6189 22.2882 13.4321 38.4498
58.8918 22.888 103.513 28.403
59.7329 21.3506 -24.6122 48.3023
59.67 22.7407 29.756 46.3054
58.4198 21.457 -154.19 38.6634
58.7476 21.4814 -133.126 22.02
59.156 21.2794 -67.8193 24.2107
58.1649 21.7188 -170.086 50.9131
58.472 22.8585 140.131 41.572
59.3699 21.1494 -49.9218 34.4129
59.3951 22.7496 44.5698 33.2749
59.6922 21.7519 -10.4235 42.3924
58.1614 22.3407 168.242 51.6278
59.6167 21.4349 -25.4458 40.8156
58.3278 22.8864 145.924 49.1743
58.0462 21.7345 -171.824 58.1442
