59.2167 22.7113 59.5046 25.6129
59.3978 21.4491 -35.6965 29.3019
59.1461 21.0113 -74.5705 31.8575
59.6226 21.7827 -10.152 38.1096
59.6227 22.2869 13.4321 38.4498
58.8936 22.8895 103.513 28.403
59.732 21.3514 -24.6122 48.3023
59.6712 22.7411 29.756 46.3054
58.4225 21.4572 -154.19 38.6634
58.7517 21.4808 -133.126 22.02
59.1539 21.277 -67.8193 24.2107
58.1653 21.7182 -170.086 50.9131
58.4733 22.8592 140.131 41.572
59.3699 21.1505 -49.9218 34.4129
59.396 22.7514 44.5698 33.2749
59.6937 21.7532 -10.4235 42.3924
58.16 22.3395 168.242 51.6278
59.6141 21.4357 -25.4458 40.8156
58.3244 22.8893 145.924 49.1743
58.0442 21.7331 -171.824 58.1442
