59.2165 22.7094 59.5046 25.6129
59.3971 21.4506 -35.6965 29.3019
59.1468 21.0108 -74.5705 31.8575
59.6256 21.7848 -10.152 38.1096
59.6219 22.2884 13.4321 38.4498
58.8911 22.8884 103.513 28.403
59.731 21.3512 -24.6122 48.3023
59.6678 22.7378 29.756 46.3054
58.4251 21.4592 -154.19 38.6634
58.7504 21.484 -133.126 22.02
59.1561 21.2752 -67.8193 24.2107
58.1657 21.7192 -170.086 50.9131
58.4712 22.8607 140.131 41.572
59.3684 21.1514 -49.9218 34.4129
59.3965 22.7528 44.5698 33.2749
59.6927 21.7503 -10.4235 42.3924
58.1597 22.3403 168.242 51.6278
59.6146 21.4321 -25.4458 40.8156
58.3234 22.8874 145.924 49.1743
58.042 21.7363 -171.824 58.1442
