59.2176 22.7115 59.5046 25.6129
59.3973 21.4492 -35.6965 29.3019
59.1444 21.0109 -74.5705 31.8575
59.6235 21.7836 -10.152 38.1096
59.6222 22.2881 13.4321 38.4498
58.8928 22.8902 103.513 28.403
59.7322 21.3514 -24.6122 48.3023
59.67 22.7405 29.756 46.3054
58.4224 21.4581 -154.19 38.6634
58.7502 21.4819 -133.126 22.02
59.1539 21.2771 -67.8193 24.2107
58.166 21.7181 -170.086 50.9131
58.4719 22.8586 140.131 41.572
59.371 21.1516 -49.9218 34.4129
59.3969 22.7525 44.5698 33.2749
59.6935 21.7533 -10.4235 42.3924
58.1601 22.3387 168.242 51.6278
59.6146 21.4348 -25.4458 40.8156
58.3256 22.8877 145.924 49.1743
58.0433 21.7332 -171.824 58.1442
