59.2189 22.7093 59.5046 25.6129
59.4 21.4514 -35.6965 29.3019
59.1439 21.013 -74.5705 31.8575
59.6257 21.7858 -10.152 38.1096
59.6253 22.2887 13.4321 38.4498
58.8951 22.887 103.513 28.403
59.731 21.3539 -24.6122 48.3023
59.6675 22.7429 29.756 46.3054
58.4233 21.4605 -154.19 38.6634
58.7533 21.4835 -133.126 22.02
59.156 21.2765 -67.8193 24.2107
58.1683 21.7147 -170.086 50.9131
58.4743 22.8595 140.131 41.572
59.3719 21.1535 -49.9218 34.4129
59.3952 22.7524 44.5698 33.2749
59.6938 21.7537 -10.4235 42.3924
58.1585 22.3403 168.242 51.6278
59.6149 21.4317 -25.4458 40.8156
58.3264 22.8885 145.924 49.1743
58.0419 21.734 -171.824 58.1442
