59.2208 22.7131 59.5046 25.6129
59.3947 21.4469 -35.6965 29.3019
59.1457 21.0137 -74.5705 31.8575
59.6271 21.7809 -10.152 38.1096
59.625 22.2908 13.4321 38.4498
58.8919 22.8929 103.513 28.403
59.7319 21.3481 -24.6122 48.3023
59.6696 22.7368 29.756 46.3054
58.4197 21.4595 -154.19 38.6634
58.7498 21.4826 -133.126 22.02
59.1517 21.2812 -67.8193 24.2107
58.1656 21.7162 -170.086 50.9131
58.4719 22.8628 140.131 41.572
59.3728 21.1505 -49.9218 34.4129
59.3975 22.7507 44.5698 33.2749
59.6926 21.7532 -10.4235 42.3924
58.1584 22.3352 168.242 51.6278
59.6175 21.4348 -25.4458 40.8156
58.3277 22.8889 145.924 49.1743
58.0463 21.7315 -171.824 58.1442
