59.2166 22.7099 59.5046 25.6129
59.3988 21.4503 -35.6965 29.3019
59.1444 21.0115 -74.5705 31.8575
59.6228 21.7845 -10.152 38.1096
59.6211 22.2878 13.4321 38.4498
58.8922 22.8899 103.513 28.403
59.7332 21.3521 -24.6122 48.3023
59.6704 22.7417 29.756 46.3054
58.4231 21.4592 -154.19 38.6634
58.749 21.4807 -133.126 22.02
59.1554 21.2783 -67.8193 24.2107
58.1671 21.7174 -170.086 50.9131
58.4729 22.8585 140.131 41.572
59.372 21.1522 -49.9218 34.4129
59.3952 22.7506 44.5698 33.2749
59.695 21.7526 -10.4235 42.3924
58.159 22.3377 168.242 51.6278
59.614 21.4329 -25.4458 40.8156
58.3239 22.8879 145.924 49.1743
58.0427 21.7337 -171.824 58.1442
