59.218 22.7111 59.5046 25.6129
59.397 21.4488 -35.6965 29.3019
59.1447 21.0102 -74.5705 31.8575
59.6239 21.7836 -10.152 38.1096
59.6222 22.2878 13.4321 38.4498
58.8927 22.8901 103.513 28.403
59.7318 21.3519 -24.6122 48.3023
59.6703 22.7404 29.756 46.3054
58.4223 21.4577 -154.19 38.6634
58.7506 21.4819 -133.126 22.02
59.1539 21.2773 -67.8193 24.2107
58.1664 21.7173 -170.086 50.9131
58.4722 22.8589 140.131 41.572
59.3712 21.1515 -49.9218 34.4129
59.3965 22.7526 44.5698 33.2749
59.6935 21.7527 -10.4235 42.3924
58.1601 22.3389 168.242 51.6278
59.6139 21.4349 -25.4458 40.8156
58.3258 22.8881 145.924 49.1743
58.0432 21.7334 -171.824 58.1442
