59.2182 22.7112 59.5046 25.6129
59.3966 21.4488 -35.6965 29.3019
59.145 21.0103 -74.5705 31.8575
59.6238 21.7838 -10.152 38.1096
59.6225 22.2879 13.4321 38.4498
58.8927 22.8897 103.513 28.403
59.7316 21.3517 -24.6122 48.3023
59.6709 22.7407 29.756 46.3054
58.422 21.4575 -154.19 38.6634
58.7505 21.4825 -133.126 22.02
59.1538 21.2777 -67.8193 24.2107
58.166 21.7173 -170.086 50.9131
58.4726 22.8588 140.131 41.572
59.3714 21.1511 -49.9218 34.4129
59.3961 22.7522 44.5698 33.2749
59.6936 21.7531 -10.4235 42.3924
58.1601 22.3389 168.242 51.6278
59.6138 21.4351 -25.4458 40.8156
58.326 22.888 145.924 49.1743
58.0435 21.7333 -171.824 58.1442
