59.2197 22.7091 59.5046 25.6129
59.3945 21.4481 -35.6965 29.3019
59.1432 21.0081 -74.5705 31.8575
59.6263 21.7847 -10.152 38.1096
59.622 22.2893 13.4321 38.4498
58.8915 22.8925 103.513 28.403
59.7312 21.3522 -24.6122 48.3023
59.6696 22.7432 29.756 46.3054
58.4228 21.4558 -154.19 38.6634
58.7515 21.481 -133.126 22.02
59.1543 21.2786 -67.8193 24.2107
58.1679 21.7176 -170.086 50.9131
58.4716 22.8573 140.131 41.572
59.3707 21.1504 -49.9218 34.4129
59.3968 22.7548 44.5698 33.2749
59.6923 21.7519 -10.4235 42.3924
58.1593 22.3382 168.242 51.6278
59.614 21.4362 -25.4458 40.8156
58.327 22.8888 145.924 49.1743
58.0457 21.7353 -171.824 58.1442
