59.2165 22.7116 59.5046 25.6129
59.3974 21.4481 -35.6965 29.3019
59.1456 21.0088 -74.5705 31.8575
59.6227 21.7824 -10.152 38.1096
59.6215 22.2876 13.4321 38.4498
58.8927 22.8906 103.513 28.403
59.7321 21.3522 -24.6122 48.3023
59.6695 22.7399 29.756 46.3054
58.4212 21.4574 -154.19 38.6634
58.7505 21.4817 -133.126 22.02
59.1528 21.2768 -67.8193 24.2107
58.1654 21.7181 -170.086 50.9131
58.4737 22.8582 140.131 41.572
59.3707 21.151 -49.9218 34.4129
59.3964 22.7537 44.5698 33.2749
59.6945 21.7521 -10.4235 42.3924
58.1588 22.3375 168.242 51.6278
59.6151 21.434 -25.4458 40.8156
58.3264 22.8887 145.924 49.1743
58.0416 21.7337 -171.824 58.1442
