59.2177 22.7108 59.5046 25.6129
59.3964 21.449 -35.6965 29.3019
59.1447 21.0096 -74.5705 31.8575
59.6243 21.7843 -10.152 38.1096
59.6224 22.2884 13.4321 38.4498
58.8929 22.8905 103.513 28.403
59.732 21.352 -24.6122 48.3023
59.6697 22.7407 29.756 46.3054
58.4229 21.4569 -154.19 38.6634
58.7512 21.4815 -133.126 22.02
59.1535 21.2771 -67.8193 24.2107
58.1662 21.7167 -170.086 50.9131
58.4719 22.8585 140.131 41.572
59.3711 21.1521 -49.9218 34.4129
59.3959 22.753 44.5698 33.2749
59.6939 21.7524 -10.4235 42.3924
58.1598 22.3386 168.242 51.6278
59.6146 21.4354 -25.4458 40.8156
58.3252 22.8883 145.924 49.1743
58.0437 21.7328 -171.824 58.1442
