58.8024 20.6044 -164.704 45.0251
59.2208 23.3903 12.2463 45.0069
59.3875 21.9847 -61.1532 23.3087
59.3418 22.5654 -19.9038 26.9701
59.3772 22.5079 -25.5803 27.5758
58.8238 20.542 -162.525 46.5789
59.5277 22.5828 -30.7638 36.4582
58.9617 21.6839 -163.065 10.0803
58.8182 22.7045 56.2097 24.4958
59.2478 21.3039 -114.998 26.1782
58.3977 21.1596 156.347 44.7644
59.4515 22.6808 -22.5894 34.3192
58.2923 20.7143 163.993 58.6135
59.151 22.0739 -45.8973 9.36723
58.9988 24.0477 29.1889 63.5409
58.6451 22.1034 111.366 21.5844
59.2322 23.1848 8.63168 39.2103
59.3866 23.7784 6.27173 59.5953
59.141 21.1876 -131.02 26.5491
59.1222 21.4392 -126.833 18.8606
58.3656 21.2594 151.612 44.6454
59.2227 23.4943 13.198 48.1192
59.0475 21.7419 -130.255 8.49915
59.0982 22.0144 -55.6726 5.92015
58.5393 20.5486 179.195 53.1315
59.0888 22.5447 12.2125 17.7041
58.5556 21.9179 125.513 26.8494
59.1761 21.1653 -127.349 27.9224
58.2991 20.8854 160.131 54.7471
58.6338 20.963 176.196 39.1362
59.113 22.4104 1.69121 14.4181
58.2055 20.9571 154.862 57.9155
58.7443 20.7987 -171.826 40.4515
59.4882 22.3612 -39.3946 31.399
59.29 23.4607 8.24564 48.3877
59.0196 21.8386 -136.707 5.14281
59.018 21.9927 -71.8502 1.10864
59.2382 21.2143 -119.137 28.207
59.5763 22.8524 -23.2521 43.467
59.8597 23.1439 -26.3569 62.4668
59.5501 22.8533 -21.9192 42.2453
59.4607 23.1287 -9.02014 44.4749
58.9695 22.7264 34.3321 22.626
59.3116 22.6909 -11.5796 28.402
58.8534 23.0632 44.4797 34.2159
58.9661 21.337 -155.372 20.6842
58.4195 21.3251 151.459 40.8038
59.1733 22.2575 -22.7084 13.1222
59.6276 22.7759 -28.037 44.6532
59.3907 23.6369 4.34994 55.701
