59.528 20.9634 -164.704 45.0251
58.4925 23.0582 12.2463 45.0069
59.1989 22.6466 -61.1532 23.3087
58.9186 22.8537 -19.9038 26.9701
58.9616 22.8851 -25.5803 27.5758
59.5667 20.9684 -162.525 46.5789
59.0028 23.175 -30.7638 36.4582
59.1223 21.7774 -163.065 10.0803
58.5936 22.0516 56.2097 24.4958
59.4336 22.0745 -114.998 26.1782
59.0743 20.563 156.347 44.7644
58.9218 23.0943 -22.5894 34.3192
59.2226 20.155 163.993 58.6135
59.0423 22.2907 -45.8973 9.36723
58.0884 23.022 29.1889 63.5409
58.7748 21.4602 111.366 21.5844
58.5892 22.9755 8.63168 39.2103
58.4047 23.5223 6.27173 59.5953
59.4332 21.8344 -131.02 26.5491
59.3113 21.927 -126.833 18.8606
59.0129 20.5612 151.612 44.6454
58.4474 23.1127 13.198 48.1192
59.1391 21.951 -130.255 8.49915
59.0425 22.1722 -55.6726 5.92015
59.4222 20.4866 179.195 53.1315
58.8015 22.4202 12.2125 17.7041
58.8126 21.2168 125.513 26.8494
59.4604 21.8833 -127.349 27.9224
59.1484 20.2555 160.131 54.7471
59.2823 20.8589 176.196 39.1362
58.8735 22.3939 1.69121 14.4181
59.0682 20.1364 154.862 57.9155
59.4116 20.9627 -171.826 40.4515
59.0814 23.0007 -39.3946 31.399
58.4962 23.2071 8.24564 48.3877
59.0819 21.9522 -136.707 5.14281
59.0123 22.0266 -71.8502 1.10864
59.4689 22.0139 -119.137 28.207
58.9076 23.3875 -23.2521 43.467
58.9185 24.0046 -26.3569 62.4668
58.8943 23.3439 -21.9192 42.2453
58.7284 23.3279 -9.02014 44.4749
58.6605 22.3128 34.3321 22.626
58.8479 22.8646 -11.5796 28.402
58.4515 22.2904 44.4797 34.2159
59.2799 21.611 -155.372 20.6842
59.0106 20.685 151.459 40.8038
58.9716 22.4191 -22.7084 13.1222
58.9666 23.4369 -28.037 44.6532
58.4691 23.4597 4.34994 55.701
