59.061 20.5525 -164.704 45.0251
58.9626 23.4478 12.2463 45.0069
59.3665 22.2453 -61.1532 23.3087
59.2214 22.7583 -19.9038 26.9701
59.2647 22.7284 -25.5803 27.5758
59.0922 20.5076 -162.525 46.5789
59.3927 22.9002 -30.7638 36.4582
59.0198 21.6773 -163.065 10.0803
58.7048 22.5417 56.2097 24.4958
59.3556 21.5111 -114.998 26.1782
58.582 20.8135 156.347 44.7644
59.304 22.9402 -22.5894 34.3192
58.5617 20.3235 163.993 58.6135
59.1289 22.1699 -45.8973 9.36723
58.6385 23.9141 29.1889 63.5409
58.6481 21.8643 111.366 21.5844
59.0094 23.2637 8.63168 39.2103
59.0502 23.9195 6.27173 59.5953
59.276 21.3295 -131.02 26.5491
59.2138 21.5539 -126.833 18.8606
58.5342 20.8872 151.612 44.6454
58.9461 23.546 13.198 48.1192
59.0902 21.7888 -130.255 8.49915
59.0897 22.0788 -55.6726 5.92015
58.8235 20.3265 179.195 53.1315
58.9874 22.5699 12.2125 17.7041
58.5966 21.6316 125.513 26.8494
59.3128 21.3321 -127.349 27.9224
58.5377 20.4901 160.131 54.7471
58.839 20.7808 176.196 39.1362
59.0338 22.4602 1.69121 14.4181
58.4369 20.4981 154.862 57.9155
58.972 20.698 -171.826 40.4515
59.3947 22.6662 -39.3946 31.399
59.0152 23.5595 8.24564 48.3877
59.0469 21.8613 -136.707 5.14281
59.0182 22.0051 -71.8502 1.10864
59.3625 21.4201 -119.137 28.207
59.3909 23.1849 -23.2521 43.467
59.6054 23.6504 -26.3569 62.4668
59.3662 23.168 -21.9192 42.2453
59.2339 23.3644 -9.02014 44.4749
58.8433 22.6614 34.3321 22.626
59.1709 22.8554 -11.5796 28.402
58.6748 22.9005 44.4797 34.2159
59.0852 21.3534 -155.372 20.6842
58.5732 20.984 151.459 40.8038
59.1174 22.357 -22.7084 13.1222
59.4524 23.1485 -28.037 44.6532
59.0788 23.7906 4.34994 55.701
