58.2538 22.1165 -164.704 45.0251
59.7413 21.8 12.2463 45.0069
59.0575 21.2565 -61.1532 23.3087
59.3428 21.4368 -19.9038 26.9701
59.3193 21.3593 -25.5803 27.5758
58.2262 22.0647 -162.525 46.5789
59.3802 21.0798 -30.7638 36.4582
58.8326 22.0173 -163.065 10.0803
59.3278 22.4708 56.2097 24.4958
58.6909 21.4087 -114.998 26.1782
58.4577 22.9804 156.347 44.7644
59.4179 21.2423 -22.5894 34.3192
58.2069 23.0856 163.993 58.6135
59.0633 21.7239 -45.8973 9.36723
60.0425 22.3372 29.1889 63.5409
58.9896 22.6952 111.366 21.5844
59.6389 21.7462 8.63168 39.2103
59.9617 21.5311 6.27173 59.5953
58.6132 21.5901 -131.02 26.5491
58.7371 21.67 -126.833 18.8606
58.5026 23.0605 151.612 44.6454
59.7943 21.812 13.198 48.1192
58.8772 21.8646 -130.255 8.49915
59.0242 21.815 -55.6726 5.92015
58.1727 22.594 179.195 53.1315
59.2916 21.922 12.2125 17.7041
58.8779 22.8308 125.513 26.8494
58.6082 21.52 -127.349 27.9224
58.2965 23.1085 160.131 54.7471
58.4036 22.5004 176.196 39.1362
59.2275 21.8531 1.69121 14.4181
58.3141 23.2973 154.862 57.9155
58.3414 22.2622 -171.826 40.4515
59.2628 21.1224 -39.3946 31.399
59.7872 21.6749 8.24564 48.3877
58.9214 21.9346 -136.707 5.14281
58.9994 21.9643 -71.8502 1.10864
58.6439 21.4113 -119.137 28.207
59.5228 21.0253 -23.2521 43.467
59.7084 20.5125 -26.3569 62.4668
59.5194 21.0765 -21.9192 42.2453
59.6447 21.2914 -9.02014 44.4749
59.3644 22.1824 34.3321 22.626
59.4014 21.515 -11.5796 28.402
59.5169 22.4639 44.4797 34.2159
58.6572 21.9467 -155.372 20.6842
58.5471 22.9727 151.459 40.8038
59.16 21.7118 -22.7084 13.1222
59.4919 20.9144 -28.037 44.6532
59.8908 21.5029 4.34994 55.701
