59.7236 21.6238 -164.704 45.0251
58.2865 22.4333 12.2463 45.0069
59.0056 22.7511 -61.1532 23.3087
58.7095 22.6593 -19.9038 26.9701
58.7388 22.7276 -25.5803 27.5758
59.7556 21.6671 -162.525 46.5789
58.6999 23.0164 -30.7638 36.4582
59.1632 21.9262 -163.065 10.0803
58.6341 21.655 56.2097 24.4958
59.3556 22.489 -114.998 26.1782
59.4358 20.8231 156.347 44.7644
58.6504 22.8697 -22.5894 34.3192
59.6696 20.614 163.993 58.6135
58.9617 22.2924 -45.8973 9.36723
57.9435 22.0281 29.1889 63.5409
58.9443 21.3134 111.366 21.5844
58.392 22.4525 8.63168 39.2103
58.0905 22.753 6.27173 59.5953
59.4171 22.2817 -131.02 26.5491
59.2881 22.2411 -126.833 18.8606
59.3832 20.7609 151.612 44.6454
58.2333 22.4385 13.198 48.1192
59.133 22.0929 -130.255 8.49915
58.9924 22.1902 -55.6726 5.92015
59.7557 21.1034 179.195 53.1315
58.7196 22.1729 12.2125 17.7041
59.04 21.1377 125.513 26.8494
59.428 22.3509 -127.349 27.9224
59.5795 20.6279 160.131 54.7471
59.5388 21.2871 176.196 39.1362
58.7887 22.219 1.69121 14.4181
59.5412 20.444 154.862 57.9155
59.6234 21.5064 -171.826 40.4515
58.8128 22.9421 -39.3946 31.399
58.2514 22.5657 8.24564 48.3877
59.0832 22.0382 -136.707 5.14281
59.0038 22.035 -71.8502 1.10864
59.4017 22.4718 -119.137 28.207
58.5628 23.1084 -23.2521 43.467
58.4139 23.6481 -26.3569 62.4668
58.5624 23.0583 -21.9192 42.2453
58.4224 22.8876 -9.02014 44.4749
58.6248 21.9455 34.3321 22.626
58.6453 22.6013 -11.5796 28.402
58.4488 21.7286 44.4797 34.2159
59.3424 21.937 -155.372 20.6842
59.3492 20.8668 151.459 40.8038
58.8674 22.3351 -22.7084 13.1222
58.6013 23.207 -28.037 44.6532
58.1628 22.7587 4.34994 55.701
