58.4639 23.0051 -164.704 45.0251
59.4986 20.9105 12.2463 45.0069
58.7979 21.3609 -61.1532 23.3087
59.0758 21.1424 -19.9038 26.9701
59.0323 21.1131 -25.5803 27.5758
58.4253 22.998 -162.525 46.5789
58.9866 20.8256 -30.7638 36.4582
58.8774 22.221 -163.065 10.0803
59.4064 21.9472 56.2097 24.4958
58.5663 21.9274 -114.998 26.1782
58.9098 23.4301 156.347 44.7644
59.0689 20.901 -22.5894 34.3192
58.7515 23.82 163.993 58.6135
58.957 21.71 -45.8973 9.36723
59.903 20.9228 29.1889 63.5409
59.2229 22.5469 111.366 21.5844
59.4032 21.0012 8.63168 39.2103
59.5768 20.4251 6.27173 59.5953
58.5666 22.1615 -131.02 26.5491
58.6886 22.0717 -126.833 18.8606
58.9711 23.4371 151.612 44.6454
59.5426 20.8514 13.198 48.1192
58.8609 22.0486 -130.255 8.49915
58.9572 21.8283 -55.6726 5.92015
58.5606 23.4761 179.195 53.1315
59.1971 21.575 12.2125 17.7041
59.1826 22.7916 125.513 26.8494
58.5395 22.1136 -127.349 27.9224
58.8283 23.7284 160.131 54.7471
58.7078 23.1222 176.196 39.1362
59.1253 21.6032 1.69121 14.4181
58.9051 23.8548 154.862 57.9155
58.5803 23.0126 -171.826 40.4515
58.9109 21.0042 -39.3946 31.399
59.4922 20.7575 8.24564 48.3877
58.9181 22.0475 -136.707 5.14281
58.9877 21.9734 -71.8502 1.10864
58.531 21.9865 -119.137 28.207
59.0774 20.6057 -23.2521 43.467
59.0504 19.9878 -26.3569 62.4668
59.0917 20.6484 -21.9192 42.2453
59.2578 20.6516 -9.02014 44.4749
59.3387 21.681 34.3321 22.626
59.1463 21.1279 -11.5796 28.402
59.5478 21.7002 44.4797 34.2159
58.719 22.3828 -155.372 20.6842
58.9761 23.3137 151.459 40.8038
59.027 21.5802 -22.7084 13.1222
59.0174 20.561 -28.037 44.6532
59.5139 20.4954 4.34994 55.701
