59.1899 20.5925 -164.704 45.0251
58.8335 23.4107 12.2463 45.0069
59.339 22.366 -61.1532 23.3087
59.1501 22.8208 -19.9038 26.9701
59.1955 22.8062 -25.5803 27.5758
59.2246 20.5587 -162.525 46.5789
59.3061 23.0187 -30.7638 36.4582
59.0484 21.6888 -163.065 10.0803
58.6608 22.4348 56.2097 24.4958
59.394 21.6394 -114.998 26.1782
58.6947 20.6901 156.347 44.7644
59.2151 23.0276 -22.5894 34.3192
58.7186 20.1988 163.993 58.6135
59.1117 22.2108 -45.8973 9.36723
58.4726 23.761 29.1889 63.5409
58.6655 21.749 111.366 21.5844
58.8961 23.2456 8.63168 39.2103
58.8777 23.9026 6.27173 59.5953
59.3318 21.433 -131.02 26.5491
59.2505 21.633 -126.833 18.8606
58.6409 20.7472 151.612 44.6454
58.8086 23.5015 13.198 48.1192
59.1077 21.8225 -130.255 8.49915
59.0812 22.1078 -55.6726 5.92015
58.9763 20.2889 179.195 53.1315
58.9365 22.5566 12.2125 17.7041
58.6356 21.5026 125.513 26.8494
59.3679 21.4482 -127.349 27.9224
58.6801 20.3558 160.131 54.7471
58.9507 20.7433 176.196 39.1362
58.9921 22.4643 1.69121 14.4181
58.58 20.3305 154.862 57.9155
59.0892 20.7062 -171.826 40.4515
59.329 22.7895 -39.3946 31.399
58.8755 23.5378 8.24564 48.3877
59.0586 21.8792 -136.707 5.14281
59.0175 22.0111 -71.8502 1.10864
59.4089 21.5521 -119.137 28.207
59.2789 23.2976 -23.2521 43.467
59.4484 23.8278 -26.3569 62.4668
59.256 23.2725 -21.9192 42.2453
59.1082 23.4201 -9.02014 44.4749
58.7864 22.5984 34.3321 22.626
59.0917 22.8991 -11.5796 28.402
58.599 22.7777 44.4797 34.2159
59.1419 21.3915 -155.372 20.6842
58.6707 20.8557 151.459 40.8038
59.0836 22.391 -22.7084 13.1222
59.3427 23.283 -28.037 44.6532
58.9174 23.7858 4.34994 55.701
