58.6805 20.6938 -164.704 45.0251
59.342 23.2965 12.2463 45.0069
59.3802 21.8531 -61.1532 23.3087
59.3872 22.4408 -19.9038 26.9701
59.417 22.3719 -25.5803 27.5758
58.6959 20.6255 -162.525 46.5789
59.5717 22.3936 -30.7638 36.4582
58.934 21.7017 -163.065 10.0803
58.8841 22.7555 56.2097 24.4958
59.1817 21.2314 -114.998 26.1782
58.3314 21.3719 156.347 44.7644
59.5055 22.5167 -22.5894 34.3192
58.1877 20.9681 163.993 58.6135
59.1554 22.0217 -45.8973 9.36723
59.1825 24.0224 29.1889 63.5409
58.6597 22.2201 111.366 21.5844
59.3348 23.0896 8.63168 39.2103
59.5402 23.6229 6.27173 59.5953
59.0661 21.1533 -131.02 26.5491
59.0701 21.407 -126.833 18.8606
58.3087 21.4805 151.612 44.6454
59.3533 23.3986 13.198 48.1192
59.0236 21.7299 -130.255 8.49915
59.098 21.9811 -55.6726 5.92015
58.4163 20.7254 179.195 53.1315
59.1362 22.5068 12.2125 17.7041
58.5549 22.0668 125.513 26.8494
59.0987 21.1195 -127.349 27.9224
58.2097 21.1341 160.131 54.7471
58.5464 21.1015 176.196 39.1362
59.1481 22.3662 1.69121 14.4181
58.1239 21.2347 154.862 57.9155
58.6406 20.9038 -171.826 40.4515
59.513 22.189 -39.3946 31.399
59.4165 23.3423 8.24564 48.3877
59.0048 21.8345 -136.707 5.14281
59.0171 21.9867 -71.8502 1.10864
59.1642 21.1465 -119.137 28.207
59.6438 22.6425 -23.2521 43.467
59.9488 22.8303 -26.3569 62.4668
59.6181 22.6526 -21.9192 42.2453
59.5548 22.9554 -9.02014 44.4749
59.0351 22.7263 34.3321 22.626
59.3687 22.5749 -11.5796 28.402
58.9509 23.0978 44.4797 34.2159
58.9072 21.359 -155.372 20.6842
58.3677 21.5276 151.459 40.8038
59.1938 22.195 -22.7084 13.1222
59.6874 22.5492 -28.037 44.6532
59.5314 23.4816 4.34994 55.701
