59.6082 22.8535 -164.704 45.0251
58.3648 21.2401 12.2463 45.0069
58.7072 22.4902 -61.1532 23.3087
58.5515 21.9986 -19.9038 26.9701
58.5436 22.0853 -25.5803 27.5758
59.6113 22.9298 -162.525 46.5789
58.4042 22.2157 -30.7638 36.4582
59.1338 22.196 -163.065 10.0803
58.9006 21.2355 56.2097 24.4958
59.0352 22.8413 -114.998 26.1782
59.7427 21.9061 156.347 44.7644
58.4299 22.0492 -22.5894 34.3192
59.9721 22.1354 163.993 58.6135
58.8598 22.1313 -45.8973 9.36723
58.3004 20.4808 29.1889 63.5409
59.2361 21.4744 111.366 21.5844
58.4263 21.4044 8.63168 39.2103
58.1087 21.1712 6.27173 59.5953
59.1559 22.8023 -131.02 26.5491
59.0895 22.5833 -126.833 18.8606
59.7342 21.7855 151.612 44.6454
58.3277 21.1671 13.198 48.1192
59.0487 22.2573 -130.255 8.49915
58.92 22.111 -55.6726 5.92015
59.833 22.5769 179.195 53.1315
58.7506 21.6981 12.2125 17.7041
59.367 21.5048 125.513 26.8494
59.1356 22.8623 -127.349 27.9224
59.9102 22.0041 160.131 54.7471
59.6244 22.3583 176.196 39.1362
58.7771 21.8294 1.69121 14.4181
59.9589 21.8281 154.862 57.9155
59.5914 22.6263 -171.826 40.4515
58.5071 22.3313 -39.3946 31.399
58.2891 21.2769 8.24564 48.3877
59.0383 22.1482 -136.707 5.14281
58.9886 22.0281 -71.8502 1.10864
59.0714 22.8994 -119.137 28.207
58.2784 22.0778 -23.2521 43.467
57.9675 22.2164 -26.3569 62.4668
58.2979 22.0447 -21.9192 42.2453
58.2737 21.7326 -9.02014 44.4749
58.7793 21.4114 34.3321 22.626
58.5328 21.8678 -11.5796 28.402
58.7511 21.012 44.4797 34.2159
59.2439 22.4716 -155.372 20.6842
59.6708 21.8008 151.459 40.8038
58.7821 22.0199 -22.7084 13.1222
58.2646 22.197 -28.037 44.6532
58.1541 21.2775 4.34994 55.701
