58.2773 21.6251 -164.704 45.0251
59.7309 22.3143 12.2463 45.0069
59.1853 21.3385 -61.1532 23.3087
59.4213 21.7004 -19.9038 26.9701
59.413 21.6116 -25.5803 27.5758
58.2604 21.5587 -162.525 46.5789
59.5195 21.3898 -30.7638 36.4582
58.8396 21.9058 -163.065 10.0803
59.2248 22.6604 56.2097 24.4958
58.8138 21.2395 -114.998 26.1782
58.3169 22.5675 156.347 44.7644
59.5261 21.5686 -22.5894 34.3192
58.0621 22.5071 163.993 58.6135
59.1082 21.7825 -45.8973 9.36723
59.9183 23.0261 29.1889 63.5409
58.8676 22.6453 111.366 21.5844
59.6444 22.1933 8.63168 39.2103
59.9847 22.216 6.27173 59.5953
58.7087 21.3599 -131.02 26.5491
58.8111 21.5162 -126.833 18.8606
58.3451 22.6713 151.612 44.6454
59.7784 22.3623 13.198 48.1192
58.9085 21.7915 -130.255 8.49915
59.0554 21.8422 -55.6726 5.92015
58.1166 22.0235 179.195 53.1315
59.2876 22.1217 12.2125 17.7041
58.7388 22.699 125.513 26.8494
58.7164 21.2905 -127.349 27.9224
58.1425 22.5851 160.131 54.7471
58.3506 22.0821 176.196 39.1362
59.2396 22.0138 1.69121 14.4181
58.1258 22.7733 154.862 57.9155
58.3341 21.8182 -171.826 40.4515
59.4018 21.3502 -39.3946 31.399
59.796 22.2289 8.24564 48.3877
58.9377 21.8866 -136.707 5.14281
59.0057 21.966 -71.8502 1.10864
58.7692 21.2113 -119.137 28.207
59.6628 21.4361 -23.2521 43.467
59.9274 21.0815 -26.3569 62.4668
59.6506 21.482 -21.9192 42.2453
59.7301 21.7704 -9.02014 44.4749
59.31 22.415 34.3321 22.626
59.4625 21.8138 -11.5796 28.402
59.4036 22.7818 44.4797 34.2159
58.6871 21.7247 -155.372 20.6842
58.4025 22.6176 151.459 40.8038
59.2012 21.8358 -22.7084 13.1222
59.6535 21.3105 -28.037 44.6532
59.9234 22.1399 4.34994 55.701
