58.9305 20.5567 -164.704 45.0251
59.093 23.4411 12.2463 45.0069
59.3829 22.1168 -61.1532 23.3087
59.2859 22.6723 -19.9038 26.9701
59.326 22.6279 -25.5803 27.5758
58.9572 20.5021 -162.525 46.5789
59.4674 22.7534 -30.7638 36.4582
58.9906 21.6757 -163.065 10.0803
58.7578 22.6325 56.2097 24.4958
59.3064 21.3981 -114.998 26.1782
58.4821 20.9716 156.347 44.7644
59.3836 22.8234 -22.5894 34.3192
58.4182 20.4972 163.993 58.6135
59.1421 22.1238 -45.8973 9.36723
58.8156 24.011 29.1889 63.5409
58.6412 21.9836 111.366 21.5844
59.1226 23.2433 8.63168 39.2103
59.2216 23.878 6.27173 59.5953
59.2117 21.2469 -131.02 26.5491
59.1706 21.4887 -126.833 18.8606
58.4415 21.0597 151.612 44.6454
59.0856 23.5438 13.198 48.1192
59.0699 21.7617 -130.255 8.49915
59.0954 22.0473 -55.6726 5.92015
58.6764 20.4141 179.195 53.1315
59.0387 22.5659 12.2125 17.7041
58.5696 21.7714 125.513 26.8494
59.2482 21.2368 -127.349 27.9224
58.4095 20.6685 160.131 54.7471
58.7323 20.8549 176.196 39.1362
59.0746 22.4421 1.69121 14.4181
58.3108 20.7091 154.862 57.9155
58.8559 20.7293 -171.826 40.4515
59.4483 22.522 -39.3946 31.399
59.1549 23.5337 8.24564 48.3877
59.0337 21.8476 -136.707 5.14281
59.0184 21.9988 -71.8502 1.10864
59.305 21.3064 -119.137 28.207
59.4911 23.0351 -23.2521 43.467
59.744 23.4202 -26.3569 62.4668
59.4652 23.0269 -21.9192 42.2453
59.3526 23.2664 -9.02014 44.4749
58.905 22.7045 34.3321 22.626
59.2449 22.7854 -11.5796 28.402
58.7604 22.9967 44.4797 34.2159
59.026 21.3351 -155.372 20.6842
58.4886 21.1421 151.459 40.8038
59.1476 22.3121 -22.7084 13.1222
59.5484 22.9778 -28.037 44.6532
59.2382 23.7407 4.34994 55.701
