58.3216 21.3919 -164.704 45.0251
59.6914 22.5604 12.2463 45.0069
59.2418 21.4108 -61.1532 23.3087
59.4417 21.8486 -19.9038 26.9701
59.4414 21.7582 -25.5803 27.5758
58.311 21.321 -162.525 46.5789
59.5661 21.5765 -30.7638 36.4582
58.8505 21.8535 -163.065 10.0803
59.1623 22.7258 56.2097 24.4958
58.8848 21.1878 -114.998 26.1782
58.2762 22.3335 156.347 44.7644
59.5567 21.755 -22.5894 34.3192
58.0305 22.1923 163.993 58.6135
59.126 21.8224 -45.8973 9.36723
59.8122 23.3253 29.1889 63.5409
58.8118 22.5907 111.366 21.5844
59.6171 22.4111 8.63168 39.2103
59.95 22.5534 6.27173 59.5953
58.7704 21.2716 -131.02 26.5491
58.8573 21.4599 -126.833 18.8606
58.2947 22.4448 151.612 44.6454
59.7339 22.6242 13.198 48.1192
58.9286 21.7639 -130.255 8.49915
59.0687 21.8632 -55.6726 5.92015
58.1276 21.7331 179.195 53.1315
59.2723 22.2174 12.2125 17.7041
58.6801 22.6008 125.513 26.8494
58.7843 21.2057 -127.349 27.9224
58.1028 22.2947 160.131 54.7471
58.353 21.8664 176.196 39.1362
59.2347 22.0948 1.69121 14.4181
58.0695 22.4746 154.862 57.9155
58.3603 21.6008 -171.826 40.4515
59.4539 21.4967 -39.3946 31.399
59.7631 22.4993 8.24564 48.3877
58.9488 21.8673 -136.707 5.14281
59.0087 21.9685 -71.8502 1.10864
58.8434 21.1451 -119.137 28.207
59.7031 21.6722 -23.2521 43.467
59.9953 21.4162 -26.3569 62.4668
59.6869 21.7131 -21.9192 42.2453
59.7394 22.025 -9.02014 44.4749
59.2681 22.5135 34.3321 22.626
59.4721 21.9744 -11.5796 28.402
59.3274 22.9061 44.4797 34.2159
58.7164 21.6243 -155.372 20.6842
58.3561 22.4105 151.459 40.8038
59.2128 21.9064 -22.7084 13.1222
59.7052 21.5451 -28.037 44.6532
59.8964 22.4568 4.34994 55.701
