58.9229 23.4417 -164.704 45.0251
59.0212 20.5497 12.2463 45.0069
58.633 21.7599 -61.1532 23.3087
58.7743 21.2514 -19.9038 26.9701
58.7312 21.2828 -25.5803 27.5758
58.8907 23.4837 -162.525 46.5789
58.6012 21.1202 -30.7638 36.4582
58.9794 22.3223 -163.065 10.0803
59.2929 21.449 56.2097 24.4958
58.6425 22.4789 -114.998 26.1782
59.4068 23.2153 156.347 44.7644
58.6893 21.0764 -22.5894 34.3192
59.416 23.7186 163.993 58.6135
58.8709 21.8314 -45.8973 9.36723
59.3327 20.0469 29.1889 63.5409
59.3518 22.1385 111.366 21.5844
58.9783 20.7375 8.63168 39.2103
58.9214 20.0876 6.27173 59.5953
58.7206 22.6598 -131.02 26.5491
58.7847 22.4406 -126.833 18.8606
59.456 23.1429 151.612 44.6454
59.0354 20.45 13.198 48.1192
58.9095 22.21 -130.255 8.49915
58.9103 21.9216 -55.6726 5.92015
59.1546 23.6896 179.195 53.1315
59.0101 21.4297 12.2125 17.7041
59.4023 22.3771 125.513 26.8494
58.6838 22.6558 -127.349 27.9224
59.4442 23.5501 160.131 54.7471
59.1494 23.2302 176.196 39.1362
58.9645 21.5407 1.69121 14.4181
59.5451 23.551 154.862 57.9155
59.0149 23.3036 -171.826 40.4515
58.602 21.3489 -39.3946 31.399
58.966 20.4428 8.24564 48.3877
58.953 22.1383 -136.707 5.14281
58.9818 21.9949 -71.8502 1.10864
58.635 22.5678 -119.137 28.207
58.5985 20.842 -23.2521 43.467
58.3743 20.4075 -26.3569 62.4668
58.6235 20.8569 -21.9192 42.2453
58.752 20.6546 -9.02014 44.4749
59.1533 21.3326 34.3321 22.626
58.8235 21.1532 -11.5796 28.402
59.3188 21.0825 44.4797 34.2159
58.9115 22.6433 -155.372 20.6842
59.4186 23.0412 151.459 40.8038
58.8816 21.6454 -22.7084 13.1222
58.5376 20.8815 -28.037 44.6532
58.8965 20.2188 4.34994 55.701
