58.2784 21.6172 -164.704 45.0251
59.7316 22.3076 12.2463 45.0069
59.1887 21.342 -61.1532 23.3087
59.422 21.7041 -19.9038 26.9701
59.4141 21.6163 -25.5803 27.5758
58.262 21.5493 -162.525 46.5789
59.5223 21.399 -30.7638 36.4582
58.8397 21.9054 -163.065 10.0803
59.2282 22.6561 56.2097 24.4958
58.8183 21.2354 -114.998 26.1782
58.3195 22.5787 156.347 44.7644
59.5275 21.5752 -22.5894 34.3192
58.0642 22.5208 163.993 58.6135
59.1086 21.7832 -45.8973 9.36723
59.9262 22.9986 29.1889 63.5409
58.8709 22.6478 111.366 21.5844
59.6447 22.1896 8.63168 39.2103
59.9851 22.2098 6.27173 59.5953
58.7119 21.3545 -131.02 26.5491
58.8129 21.5135 -126.833 18.8606
58.3487 22.684 151.612 44.6454
59.7794 22.354 13.198 48.1192
58.9088 21.791 -130.255 8.49915
59.0556 21.8424 -55.6726 5.92015
58.1166 22.0241 179.195 53.1315
59.2878 22.1207 12.2125 17.7041
58.7426 22.7043 125.513 26.8494
58.7203 21.2847 -127.349 27.9224
58.1452 22.5996 160.131 54.7471
58.3507 22.0837 176.196 39.1362
59.2396 22.0137 1.69121 14.4181
58.1306 22.7928 154.862 57.9155
58.3343 21.8147 -171.826 40.4515
59.405 21.3578 -39.3946 31.399
59.7964 22.2236 8.24564 48.3877
58.9378 21.8864 -136.707 5.14281
59.0057 21.9661 -71.8502 1.10864
58.7741 21.206 -119.137 28.207
59.6652 21.447 -23.2521 43.467
59.9337 21.1063 -26.3569 62.4668
59.6526 21.4918 -21.9192 42.2453
59.7305 21.7753 -9.02014 44.4749
59.3113 22.4112 34.3321 22.626
59.4628 21.8163 -11.5796 28.402
59.4082 22.7726 44.4797 34.2159
58.6876 21.7222 -155.372 20.6842
58.4055 22.6283 151.459 40.8038
59.2014 21.8368 -22.7084 13.1222
59.6571 21.3236 -28.037 44.6532
59.9235 22.1361 4.34994 55.701
