59.4207 23.2077 -164.704 45.0251
58.5368 20.8684 12.2463 45.0069
58.6383 22.2683 -61.1532 23.3087
58.5785 21.705 -19.9038 26.9701
58.5557 21.7815 -25.5803 27.5758
59.4101 23.281 -162.525 46.5789
58.4015 21.8146 -30.7638 36.4582
59.0912 22.273 -163.065 10.0803
59.0417 21.2143 56.2097 24.4958
58.8848 22.8122 -114.998 26.1782
59.7135 22.4146 156.347 44.7644
58.4551 21.6742 -22.5894 34.3192
59.888 22.7885 163.993 58.6135
58.8451 22.0309 -45.8973 9.36723
58.6107 20.107 29.1889 63.5409
59.3146 21.6636 111.366 21.5844
58.5657 21.0634 8.63168 39.2103
58.3077 20.6393 6.27173 59.5953
59.005 22.8556 -131.02 26.5491
58.9813 22.6066 -126.833 18.8606
59.7268 22.2958 151.612 44.6454
58.5148 20.7755 13.198 48.1192
59.0003 22.2739 -130.255 8.49915
58.9052 22.0514 -55.6726 5.92015
59.68 23.1039 179.195 53.1315
58.8188 21.5515 12.2125 17.7041
59.432 21.7808 125.513 26.8494
58.9754 22.8983 -127.349 27.9224
59.8532 22.6227 160.131 54.7471
59.5229 22.7563 176.196 39.1362
58.8206 21.6926 1.69121 14.4181
59.9298 22.492 154.862 57.9155
59.4448 22.9842 -171.826 40.4515
58.4779 21.9895 -39.3946 31.399
58.4591 20.8546 8.24564 48.3877
59.0099 22.1646 -136.707 5.14281
58.9843 22.0188 -71.8502 1.10864
58.9085 22.8904 -119.137 28.207
58.3073 21.6043 -23.2521 43.467
57.9897 21.5386 -26.3569 62.4668
58.3315 21.5855 -21.9192 42.2453
58.3639 21.2756 -9.02014 44.4749
58.8965 21.3 34.3321 22.626
58.5839 21.5696 -11.5796 28.402
58.9406 20.9043 44.4797 34.2159
59.146 22.6048 -155.372 20.6842
59.6646 22.2664 151.459 40.8038
58.7916 21.8751 -22.7084 13.1222
58.2733 21.7079 -28.037 44.6532
58.3317 20.7689 4.34994 55.701
