58.3184 22.5947 -164.704 45.0251
59.6604 21.3114 12.2463 45.0069
58.9229 21.2647 -61.1532 23.3087
59.2227 21.2431 -19.9038 26.9701
59.187 21.1864 -25.5803 27.5758
58.2833 22.5634 -162.525 46.5789
59.1949 20.8843 -30.7638 36.4582
58.8457 22.1267 -163.065 10.0803
59.3909 22.2229 56.2097 24.4958
58.605 21.6475 -114.998 26.1782
58.6633 23.2803 156.347 44.7644
59.2589 21.0107 -22.5894 34.3192
58.4458 23.5415 163.993 58.6135
59.0108 21.6988 -45.8973 9.36723
60.0371 21.604 29.1889 63.5409
59.113 22.6613 111.366 21.5844
59.555 21.3315 8.63168 39.2103
59.8196 20.9075 6.27173 59.5953
58.5639 21.8681 -131.02 26.5491
58.6946 21.8628 -126.833 18.8606
58.7197 23.3269 151.612 44.6454
59.7122 21.286 13.198 48.1192
58.8607 21.9538 -130.255 8.49915
58.9901 21.8102 -55.6726 5.92015
58.3265 23.0976 179.195 53.1315
59.2601 21.732 12.2125 17.7041
59.032 22.8634 125.513 26.8494
58.5468 21.8055 -127.349 27.9224
58.5342 23.5057 160.131 54.7471
58.5274 22.8613 176.196 39.1362
59.1878 21.7104 1.69121 14.4181
58.5842 23.6735 154.862 57.9155
58.4267 22.6762 -171.826 40.4515
59.0923 21.0027 -39.3946 31.399
59.6814 21.1627 8.24564 48.3877
58.9146 21.9905 -136.707 5.14281
58.9931 21.9668 -71.8502 1.10864
58.5613 21.6803 -119.137 28.207
59.3192 20.7373 -23.2521 43.467
59.4032 20.1338 -26.3569 62.4668
59.325 20.7873 -21.9192 42.2453
59.4804 20.9026 -9.02014 44.4749
59.3743 21.9272 34.3321 22.626
59.2915 21.2768 -11.5796 28.402
59.5671 22.0876 44.4797 34.2159
58.6683 22.175 -155.372 20.6842
58.7461 23.2149 151.459 40.8038
59.0995 21.6231 -22.7084 13.1222
59.2707 20.6548 -28.037 44.6532
59.7482 20.9305 4.34994 55.701
