58.3819 22.8116 -164.704 45.0251
59.5886 21.0965 12.2463 45.0069
58.8583 21.3023 -61.1532 23.3087
59.1515 21.1801 -19.9038 26.9701
59.1113 21.1365 -25.5803 27.5758
58.3445 22.7921 -162.525 46.5789
59.0921 20.8372 -30.7638 36.4582
58.8594 22.1765 -163.065 10.0803
59.4049 22.0864 56.2097 24.4958
58.5794 21.7843 -114.998 26.1782
58.7832 23.3757 156.347 44.7644
59.1664 20.9395 -22.5894 34.3192
58.5923 23.7057 163.993 58.6135
58.9836 21.6999 -45.8973 9.36723
59.9854 21.251 29.1889 63.5409
59.1705 22.6136 111.366 21.5844
59.4865 21.1529 8.63168 39.2103
59.7091 20.6444 6.27173 59.5953
58.5586 22.015 -131.02 26.5491
58.6869 21.9667 -126.833 18.8606
58.843 23.403 151.612 44.6454
59.6372 21.0535 13.198 48.1192
58.8587 22.0012 -130.255 8.49915
58.9733 21.8165 -55.6726 5.92015
58.435 23.3057 179.195 53.1315
59.2322 21.648 12.2125 17.7041
59.109 22.8404 125.513 26.8494
58.5362 21.9589 -127.349 27.9224
58.6762 23.6413 160.131 54.7471
58.6118 23.0065 176.196 39.1362
59.159 21.6514 1.69121 14.4181
58.7405 23.7907 154.862 57.9155
58.4959 22.8569 -171.826 40.4515
59.0016 20.9881 -39.3946 31.399
59.5959 20.9432 8.24564 48.3877
58.9151 22.0193 -136.707 5.14281
58.9903 21.9697 -71.8502 1.10864
58.5393 21.8309 -119.137 28.207
59.2013 20.6507 -23.2521 43.467
59.2301 20.0303 -26.3569 62.4668
59.2115 20.6977 -21.9192 42.2453
59.3747 20.7576 -9.02014 44.4749
59.3621 21.801 34.3321 22.626
59.2222 21.1898 -11.5796 28.402
59.5662 21.8922 44.4797 34.2159
58.6889 22.2831 -155.372 20.6842
58.8588 23.2836 151.459 40.8038
59.0642 21.5955 -22.7084 13.1222
59.1462 20.5861 -28.037 44.6532
59.6409 20.692 4.34994 55.701
