59.0533 23.4485 -164.704 45.0251
58.8911 20.5673 12.2463 45.0069
58.617 21.8857 -61.1532 23.3087
58.7106 21.3388 -19.9038 26.9701
58.671 21.3839 -25.5803 27.5758
59.0254 23.5008 -162.525 46.5789
58.5283 21.2668 -30.7638 36.4582
59.0086 22.3245 -163.065 10.0803
59.239 21.3586 56.2097 24.4958
58.6908 22.5912 -114.998 26.1782
59.5095 23.0595 156.347 44.7644
58.6113 21.1948 -22.5894 34.3192
59.5637 23.5536 163.993 58.6135
58.8578 21.8772 -45.8973 9.36723
59.1529 19.9693 29.1889 63.5409
59.3588 22.0168 111.366 21.5844
58.8656 20.7659 8.63168 39.2103
58.7515 20.1474 6.27173 59.5953
58.784 22.7438 -131.02 26.5491
58.8274 22.5063 -126.833 18.8606
59.5514 22.971 151.612 44.6454
58.8961 20.4647 13.198 48.1192
58.9297 22.2373 -130.255 8.49915
58.9046 21.9529 -55.6726 5.92015
59.3038 23.615 179.195 53.1315
58.9589 21.4354 12.2125 17.7041
59.4299 22.2343 125.513 26.8494
58.7473 22.7521 -127.349 27.9224
59.5763 23.3773 160.131 54.7471
59.2575 23.1627 176.196 39.1362
58.9239 21.5598 1.69121 14.4181
59.6757 23.343 154.862 57.9155
59.1315 23.2809 -171.826 40.4515
58.5496 21.4915 -39.3946 31.399
58.8271 20.4808 8.24564 48.3877
58.9661 22.1521 -136.707 5.14281
58.9816 22.0012 -71.8502 1.10864
58.6913 22.6814 -119.137 28.207
58.5008 20.9942 -23.2521 43.467
58.2411 20.6404 -26.3569 62.4668
58.5268 21.0006 -21.9192 42.2453
58.6353 20.7597 -9.02014 44.4749
59.0912 21.2917 34.3321 22.626
58.7504 21.2258 -11.5796 28.402
59.2318 20.9896 44.4797 34.2159
58.9705 22.6638 -155.372 20.6842
59.5055 22.8836 151.459 40.8038
58.8516 21.6906 -22.7084 13.1222
58.4444 21.053 -28.037 44.6532
58.7387 20.2843 4.34994 55.701
