59.6786 21.3814 -164.704 45.0251
58.336 22.6627 12.2463 45.0069
59.0729 22.7385 -61.1532 23.3087
58.773 22.7471 -19.9038 26.9701
58.8079 22.8047 -25.5803 27.5758
59.7141 21.4128 -162.525 46.5789
58.7956 23.1028 -30.7638 36.4582
59.1541 21.8722 -163.065 10.0803
58.6087 21.7821 56.2097 24.4958
59.394 22.3607 -114.998 26.1782
59.3238 20.6949 156.347 44.7644
58.7336 22.9743 -22.5894 34.3192
59.5352 20.409 163.993 58.6135
58.9885 22.301 -45.8973 9.36723
57.9616 22.3729 29.1889 63.5409
58.8837 21.3431 111.366 21.5844
58.4417 22.6473 8.63168 39.2103
58.1715 23.0415 6.27173 59.5953
59.4359 22.1353 -131.02 26.5491
59.3053 22.1397 -126.833 18.8606
59.2664 20.6519 151.612 44.6454
58.284 22.6851 13.198 48.1192
59.1393 22.0465 -130.255 8.49915
59.0096 22.1899 -55.6726 5.92015
59.6637 20.859 179.195 53.1315
58.7393 22.264 12.2125 17.7041
58.9622 21.1383 125.513 26.8494
59.4528 22.1997 -127.349 27.9224
59.4478 20.4539 160.131 54.7471
59.4666 21.115 176.196 39.1362
58.8116 22.2865 1.69121 14.4181
59.3936 20.2868 154.862 57.9155
59.5696 21.301 -171.826 40.4515
58.9001 22.9918 -39.3946 31.399
58.3133 22.8047 8.24564 48.3877
59.0854 22.0095 -136.707 5.14281
59.0069 22.0332 -71.8502 1.10864
59.4378 22.3279 -119.137 28.207
58.6687 23.2391 -23.2521 43.467
58.5705 23.8217 -26.3569 62.4668
58.6638 23.1896 -21.9192 42.2453
58.5106 23.067 -9.02014 44.4749
58.6256 22.0712 34.3321 22.626
58.7046 22.711 -11.5796 28.402
58.4328 21.9153 44.4797 34.2159
59.3315 21.8216 -155.372 20.6842
59.2424 20.7675 151.459 40.8038
58.8994 22.3747 -22.7084 13.1222
58.7155 23.3237 -28.037 44.6532
58.2432 23.0238 4.34994 55.701
