58.4693 20.9843 -164.704 45.0251
59.5502 22.991 12.2463 45.0069
59.3311 21.6076 -61.1532 23.3087
59.4414 22.1543 -19.9038 26.9701
59.4571 22.0694 -25.5803 27.5758
58.4718 20.9104 -162.525 46.5789
59.6061 21.9841 -30.7638 36.4582
58.8853 21.7635 -163.065 10.0803
59.0245 22.7883 56.2097 24.4958
59.0352 21.1587 -114.998 26.1782
58.2601 21.8439 156.347 44.7644
59.5658 22.145 -22.5894 34.3192
58.0535 21.5554 163.993 58.6135
59.1498 21.917 -45.8973 9.36723
59.529 23.7863 29.1889 63.5409
58.7189 22.4308 111.366 21.5844
59.5068 22.8007 8.63168 39.2103
59.7937 23.1631 6.27173 59.5953
58.9129 21.1623 -131.02 26.5491
58.9613 21.3972 -126.833 18.8606
58.2579 21.9604 151.612 44.6454
59.5788 23.0797 13.198 48.1192
58.9746 21.7307 -130.255 8.49915
59.0887 21.9171 -55.6726 5.92015
58.2261 21.1831 179.195 53.1315
59.2175 22.3858 12.2125 17.7041
58.5932 22.3545 125.513 26.8494
58.9375 21.1091 -127.349 27.9224
58.1035 21.6975 160.131 54.7471
58.4149 21.4525 176.196 39.1362
59.2038 22.2455 1.69121 14.4181
58.0403 21.8461 154.862 57.9155
58.4688 21.2065 -171.826 40.4515
59.515 21.8323 -39.3946 31.399
59.6282 22.9833 8.24564 48.3877
58.9753 21.8414 -136.707 5.14281
59.0137 21.9762 -71.8502 1.10864
59.0039 21.091 -119.137 28.207
59.7176 22.1681 -23.2521 43.467
60.0364 22.1319 -26.3569 62.4668
59.6953 22.1953 -21.9192 42.2453
59.6894 22.5237 -9.02014 44.4749
59.1613 22.6603 34.3321 22.626
59.4477 22.293 -11.5796 28.402
59.1479 23.0671 44.4797 34.2159
58.7998 21.4596 -155.372 20.6842
58.3217 21.9672 151.459 40.8038
59.2164 22.054 -22.7084 13.1222
59.742 22.0504 -28.037 44.6532
59.7605 23.0358 4.34994 55.701
