59.3061 23.3301 -164.704 45.0251
58.6452 20.7294 12.2463 45.0069
58.6197 22.1437 -61.1532 23.3087
58.6113 21.569 -19.9038 26.9701
58.582 21.637 -25.5803 27.5758
59.2892 23.3984 -162.525 46.5789
58.427 21.6192 -30.7638 36.4582
59.0653 22.2994 -163.065 10.0803
59.1115 21.2395 56.2097 24.4958
58.8138 22.7605 -114.998 26.1782
59.6653 22.6529 156.347 44.7644
58.4924 21.4982 -22.5894 34.3192
59.8036 23.0814 163.993 58.6135
58.8446 21.9785 -45.8973 9.36723
58.7863 20.0007 29.1889 63.5409
59.3399 21.7755 111.366 21.5844
58.6562 20.9317 8.63168 39.2103
58.4401 20.4281 6.27173 59.5953
58.9283 22.8434 -131.02 26.5491
58.9272 22.5906 -126.833 18.8606
59.689 22.5408 151.612 44.6454
58.6319 20.6304 13.198 48.1192
58.9758 22.2698 -130.255 8.49915
58.902 22.0188 -55.6726 5.92015
59.5707 23.318 179.195 53.1315
58.8618 21.4973 12.2125 17.7041
59.445 21.9314 125.513 26.8494
58.8954 22.8754 -127.349 27.9224
59.7841 22.9063 160.131 54.7471
59.4472 22.9222 176.196 39.1362
58.8509 21.637 1.69121 14.4181
59.8712 22.8051 154.862 57.9155
59.3499 23.119 -171.826 40.4515
58.4867 21.8165 -39.3946 31.399
58.5699 20.6903 8.24564 48.3877
58.995 22.1654 -136.707 5.14281
58.9829 22.0133 -71.8502 1.10864
58.8302 22.8453 -119.137 28.207
58.3531 21.3811 -23.2521 43.467
58.046 21.2143 -26.3569 62.4668
58.3787 21.3705 -21.9192 42.2453
58.4383 21.0751 -9.02014 44.4749
58.9608 21.2752 34.3321 22.626
58.6288 21.4373 -11.5796 28.402
59.0398 20.8994 44.4797 34.2159
59.0896 22.6444 -155.372 20.6842
59.6305 22.4901 151.459 40.8038
58.806 21.8072 -22.7084 13.1222
58.3103 21.4723 -28.037 44.6532
58.4521 20.564 4.34994 55.701
