59.3132 20.676 -164.704 45.0251
58.7098 23.3313 12.2463 45.0069
59.301 22.4753 -61.1532 23.3087
59.0743 22.8581 -19.9038 26.9701
59.1203 22.859 -25.5803 27.5758
59.3504 20.6545 -162.525 46.5789
59.2102 23.1054 -30.7638 36.4582
59.0756 21.7098 -163.065 10.0803
58.6269 22.315 56.2097 24.4958
59.4202 21.779 -114.998 26.1782
58.8168 20.6055 156.347 44.7644
59.1199 23.0832 -22.5894 34.3192
58.8844 20.1275 163.993 58.6135
59.0911 22.2452 -45.8973 9.36723
58.3229 23.5567 29.1889 63.5409
58.693 21.6411 111.366 21.5844
58.7862 23.1901 8.63168 39.2103
58.7093 23.8284 6.27173 59.5953
59.3775 21.5542 -131.02 26.5491
59.2795 21.7234 -126.833 18.8606
58.7587 20.6441 151.612 44.6454
58.6771 23.4122 13.198 48.1192
59.122 21.8615 -130.255 8.49915
59.0703 22.1336 -55.6726 5.92015
59.1301 20.3032 179.195 53.1315
58.8876 22.5265 12.2125 17.7041
58.6857 21.3883 125.513 26.8494
59.4117 21.5816 -127.349 27.9224
58.8324 20.27 160.131 54.7471
59.0642 20.7437 176.196 39.1362
58.9506 22.4544 1.69121 14.4181
58.7361 20.2118 154.862 57.9155
59.2038 20.754 -171.826 40.4515
59.2532 22.8882 -39.3946 31.399
58.7397 23.47 8.24564 48.3877
59.0685 21.9007 -136.707 5.14281
59.0163 22.0169 -71.8502 1.10864
59.4427 21.6981 -119.137 28.207
59.1585 23.3699 -23.2521 43.467
59.278 23.9476 -26.3569 62.4668
59.1382 23.3375 -21.9192 42.2453
58.9794 23.4323 -9.02014 44.4749
58.7361 22.5176 34.3321 22.626
59.0098 22.9152 -11.5796 28.402
58.5354 22.6321 44.4797 34.2159
59.1943 21.4484 -155.372 20.6842
58.7783 20.7612 151.459 40.8038
59.0473 22.4131 -22.7084 13.1222
59.2226 23.3773 -28.037 44.6532
58.7589 23.7272 4.34994 55.701
