59.5224 23.0472 -164.704 45.0251
58.4424 21.0403 12.2463 45.0069
58.6677 22.3849 -61.1532 23.3087
58.5584 21.8496 -19.9038 26.9701
58.5428 21.9324 -25.5803 27.5758
59.5187 23.1232 -162.525 46.5789
58.3938 22.0154 -30.7638 36.4582
59.1142 22.2381 -163.065 10.0803
58.9707 21.213 56.2097 24.4958
58.9593 22.8394 -114.998 26.1782
59.7396 22.163 156.347 44.7644
58.434 21.8596 -22.5894 34.3192
59.9448 22.4697 163.993 58.6135
58.8502 22.0823 -45.8973 9.36723
58.4471 20.2688 29.1889 63.5409
59.2796 21.5622 111.366 21.5844
58.4883 21.2226 8.63168 39.2103
58.1962 20.8895 6.27173 59.5953
59.0817 22.8418 -131.02 26.5491
59.0359 22.6041 -126.833 18.8606
59.742 22.0414 151.612 44.6454
58.4124 20.9562 13.198 48.1192
59.0249 22.2697 -130.255 8.49915
58.9113 22.0824 -55.6726 5.92015
59.7684 22.8543 179.195 53.1315
58.7814 21.6191 12.2125 17.7041
59.4058 21.6371 125.513 26.8494
59.0563 22.8939 -127.349 27.9224
59.8957 22.3186 160.131 54.7471
59.5827 22.5663 176.196 39.1362
58.7958 21.7573 1.69121 14.4181
59.9594 22.1627 154.862 57.9155
59.5262 22.8182 -171.826 40.4515
58.4848 22.1627 -39.3946 31.399
58.3646 21.0521 8.24564 48.3877
59.0245 22.1589 -136.707 5.14281
58.9863 22.0238 -71.8502 1.10864
58.9898 22.9087 -119.137 28.207
58.2821 21.8388 -23.2521 43.467
57.9633 21.8758 -26.3569 62.4668
58.3044 21.8124 -21.9192 42.2453
58.3085 21.4969 -9.02014 44.4749
58.8354 21.3459 34.3321 22.626
58.5516 21.7145 -11.5796 28.402
58.8434 20.9423 44.4797 34.2159
59.1979 22.5467 -155.372 20.6842
59.6782 22.0342 151.459 40.8038
58.7836 21.9467 -22.7084 13.1222
58.2579 21.9517 -28.037 44.6532
58.2314 21.0091 4.34994 55.701
