58.2544 21.8689 -164.704 45.0251
59.7477 22.0581 12.2463 45.0069
59.1232 21.2866 -61.1532 23.3087
59.388 21.5618 -19.9038 26.9701
59.3719 21.4773 -25.5803 27.5758
58.2319 21.809 -162.525 46.5789
59.4568 21.2225 -30.7638 36.4582
58.8336 21.961 -163.065 10.0803
59.2806 22.5745 56.2097 24.4958
58.7485 21.3139 -114.998 26.1782
58.378 22.7853 156.347 44.7644
59.4794 21.3959 -22.5894 34.3192
58.1215 22.8077 163.993 58.6135
59.0871 21.7494 -45.8973 9.36723
59.9959 22.6931 29.1889 63.5409
58.9275 22.6805 111.366 21.5844
59.6517 21.9692 8.63168 39.2103
59.9887 21.8714 6.27173 59.5953
58.6557 21.4671 -131.02 26.5491
58.7706 21.5869 -126.833 18.8606
58.4151 22.8786 151.612 44.6454
59.7988 22.0886 13.198 48.1192
58.8912 21.8254 -130.255 8.49915
59.0404 21.826 -55.6726 5.92015
58.1318 22.3131 179.195 53.1315
59.2941 22.0222 12.2125 17.7041
58.8054 22.7765 125.513 26.8494
58.6571 21.3963 -127.349 27.9224
58.2077 22.859 160.131 54.7471
58.3677 22.2955 176.196 39.1362
59.2372 21.9324 1.69121 14.4181
58.2081 23.0502 154.862 57.9155
58.3277 22.0408 -171.826 40.4515
59.3375 21.2242 -39.3946 31.399
59.8041 21.9511 8.24564 48.3877
58.9285 21.9092 -136.707 5.14281
59.0026 21.9646 -71.8502 1.10864
58.7021 21.301 -119.137 28.207
59.6021 21.2182 -23.2521 43.467
59.8308 20.777 -26.3569 62.4668
59.5942 21.2675 -21.9192 42.2453
59.6982 21.5232 -9.02014 44.4749
59.3424 22.3034 34.3321 22.626
59.4387 21.659 -11.5796 28.402
59.4674 22.6328 44.4797 34.2159
58.6671 21.8333 -155.372 20.6842
58.4668 22.8069 151.459 40.8038
59.1834 21.7703 -22.7084 13.1222
59.5817 21.0981 -28.037 44.6532
59.9215 21.8184 4.34994 55.701
