59.4271 20.8008 -164.704 45.0251
58.595 23.2125 12.2463 45.0069
59.2538 22.5698 -61.1532 23.3087
58.9963 22.8691 -19.9038 26.9701
59.0416 22.8855 -25.5803 27.5758
59.4656 20.7923 -162.525 46.5789
59.1081 23.1579 -30.7638 36.4582
59.1005 21.7396 -163.065 10.0803
58.6043 22.186 56.2097 24.4958
59.4336 21.9256 -114.998 26.1782
58.9446 20.5625 156.347 44.7644
59.0211 23.1056 -22.5894 34.3192
59.0541 20.1125 163.993 58.6135
59.0677 22.2721 -45.8973 9.36723
58.1936 23.3079 29.1889 63.5409
58.7298 21.5439 111.366 21.5844
58.6829 23.099 8.63168 39.2103
58.5501 23.7002 6.27173 59.5953
59.4117 21.6894 -131.02 26.5491
59.3 21.8224 -126.833 18.8606
58.8839 20.5813 151.612 44.6454
58.5555 23.2812 13.198 48.1192
59.1325 21.9048 -130.255 8.49915
59.0573 22.1552 -55.6726 5.92015
59.2803 20.3695 179.195 53.1315
58.8422 22.4805 12.2125 17.7041
58.7453 21.292 125.513 26.8494
59.4429 21.7282 -127.349 27.9224
58.9901 20.236 160.131 54.7471
59.1758 20.7826 176.196 39.1362
58.9107 22.4306 1.69121 14.4181
58.9005 20.1462 154.862 57.9155
59.3124 20.8403 -171.826 40.4515
59.1698 22.9592 -39.3946 31.399
58.612 23.3585 8.24564 48.3877
59.0764 21.9253 -136.707 5.14281
59.0145 22.0221 -71.8502 1.10864
59.463 21.8537 -119.137 28.207
59.0334 23.4 -23.2521 43.467
59.0995 24.0068 -26.3569 62.4668
59.0164 23.3614 -21.9192 42.2453
58.8515 23.4011 -9.02014 44.4749
58.6937 22.4214 34.3321 22.626
58.9277 22.9036 -11.5796 28.402
58.4857 22.4681 44.4797 34.2159
59.2407 21.5223 -155.372 20.6842
58.8927 20.7036 151.459 40.8038
59.0096 22.4225 -22.7084 13.1222
59.0959 23.429 -28.037 44.6532
58.6079 23.6172 4.34994 55.701
