59.1824 23.411 -164.704 45.0251
58.7645 20.6279 12.2463 45.0069
58.6125 22.015 -61.1532 23.3087
58.6558 21.4457 -19.9038 26.9701
58.6208 21.5031 -25.5803 27.5758
59.1596 23.4723 -162.525 46.5789
58.4697 21.4348 -30.7638 36.4582
59.0375 22.3168 -163.065 10.0803
59.1779 21.2881 56.2097 24.4958
58.7485 22.6861 -114.998 26.1782
59.5966 22.8701 156.347 44.7644
58.545 21.3368 -22.5894 34.3192
59.6943 23.3391 163.993 58.6135
58.8489 21.9268 -45.8973 9.36723
58.9689 19.954 29.1889 63.5409
59.3548 21.8945 111.366 21.5844
58.7571 20.8314 8.63168 39.2103
58.5895 20.2623 6.27173 59.5953
58.8539 22.8057 -131.02 26.5491
58.8754 22.5568 -126.833 18.8606
59.6299 22.7682 151.612 44.6454
58.7603 20.5256 13.198 48.1192
58.952 22.2574 -130.255 8.49915
58.9018 21.9856 -55.6726 5.92015
59.4439 23.49 179.195 53.1315
58.9089 21.4582 12.2125 17.7041
59.4443 22.0842 125.513 26.8494
58.8186 22.8261 -127.349 27.9224
59.6908 23.1605 160.131 54.7471
59.3577 23.059 176.196 39.1362
58.8857 21.5923 1.69121 14.4181
59.7856 23.0918 154.862 57.9155
59.2444 23.2189 -171.826 40.4515
58.5108 21.6489 -39.3946 31.399
58.6938 20.5643 8.24564 48.3877
58.9802 22.1612 -136.707 5.14281
58.982 22.0073 -71.8502 1.10864
58.7571 22.7749 -119.137 28.207
58.4182 21.1758 -23.2521 43.467
58.1306 20.912 -26.3569 62.4668
58.4444 21.1736 -21.9192 42.2453
58.5297 20.9014 -9.02014 44.4749
59.0264 21.2724 34.3321 22.626
58.6848 21.3215 -11.5796 28.402
59.1378 20.928 44.4797 34.2159
59.0305 22.6642 -155.372 20.6842
59.5769 22.698 151.459 40.8038
58.8262 21.7451 -22.7084 13.1222
58.3679 21.2519 -28.037 44.6532
58.5891 20.4007 4.34994 55.701
