59.7215 22.391 -164.704 45.0251
58.2683 21.6987 12.2463 45.0069
58.8113 22.6544 -61.1532 23.3087
58.578 22.2923 -19.9038 26.9701
58.5859 22.3792 -25.5803 27.5758
59.7379 22.4606 -162.525 46.5789
58.4777 22.592 -30.7638 36.4582
59.1603 22.0951 -163.065 10.0803
58.7718 21.3482 56.2097 24.4958
59.1817 22.7687 -114.998 26.1782
59.6804 21.4096 156.347 44.7644
58.4724 22.4184 -22.5894 34.3192
59.9357 21.4646 163.993 58.6135
58.8914 22.2161 -45.8973 9.36723
58.0738 21.0274 29.1889 63.5409
59.1291 21.3498 111.366 21.5844
58.3552 21.8138 8.63168 39.2103
58.0148 21.796 6.27173 59.5953
59.2881 22.651 -131.02 26.5491
59.1871 22.4891 -126.833 18.8606
59.6512 21.3027 151.612 44.6454
58.2205 21.6538 13.198 48.1192
59.0911 22.2096 -130.255 8.49915
58.9444 22.1573 -55.6726 5.92015
59.8833 21.9753 179.195 53.1315
58.7122 21.8803 12.2125 17.7041
59.2574 21.2904 125.513 26.8494
59.2797 22.7212 -127.349 27.9224
59.8546 21.3851 160.131 54.7471
59.6492 21.9147 176.196 39.1362
58.7604 21.9864 1.69121 14.4181
59.8692 21.1866 154.862 57.9155
59.6656 22.189 -171.826 40.4515
58.595 22.6348 -39.3946 31.399
58.2035 21.7814 8.24564 48.3877
59.0622 22.1139 -136.707 5.14281
58.9943 22.0339 -71.8502 1.10864
59.2259 22.7992 -119.137 28.207
58.3348 22.5426 -23.2521 43.467
58.0663 22.8703 -26.3569 62.4668
58.3473 22.4988 -21.9192 42.2453
58.2694 22.2201 -9.02014 44.4749
58.6887 21.5924 34.3321 22.626
58.5372 22.1813 -11.5796 28.402
58.5918 21.2364 44.4797 34.2159
59.3123 22.2803 -155.372 20.6842
59.5944 21.3607 151.459 40.8038
58.7986 22.1623 -22.7084 13.1222
58.3429 22.6638 -28.037 44.6532
58.0764 21.8674 4.34994 55.701
