59.7453 22.1369 -164.704 45.0251
58.2522 21.9444 12.2463 45.0069
58.8729 22.7083 -61.1532 23.3087
58.6105 22.4285 -19.9038 26.9701
58.6261 22.5115 -25.5803 27.5758
59.7677 22.1997 -162.525 46.5789
58.5386 22.7571 -30.7638 36.4582
59.1664 22.0394 -163.065 10.0803
58.7169 21.4348 56.2097 24.4958
59.2478 22.6961 -114.998 26.1782
59.617 21.186 156.347 44.7644
58.5178 22.5875 -22.5894 34.3192
59.8731 21.1502 163.993 58.6135
58.9124 22.2493 -45.8973 9.36723
58.0004 21.3458 29.1889 63.5409
59.0689 21.3167 111.366 21.5844
58.3482 22.0296 8.63168 39.2103
58.011 22.1214 6.27173 59.5953
59.342 22.5436 -131.02 26.5491
59.2281 22.4186 -126.833 18.8606
59.5787 21.0912 151.612 44.6454
58.2011 21.9154 13.198 48.1192
59.1085 22.1757 -130.255 8.49915
58.9593 22.1736 -55.6726 5.92015
59.8673 21.6707 179.195 53.1315
58.7058 21.9782 12.2125 17.7041
59.1899 21.2148 125.513 26.8494
59.34 22.6157 -127.349 27.9224
59.7863 21.1008 160.131 54.7471
59.6316 21.6934 176.196 39.1362
58.7628 22.0667 1.69121 14.4181
59.7829 20.9007 154.862 57.9155
59.6722 21.9576 -171.826 40.4515
58.6579 22.7607 -39.3946 31.399
58.1958 22.0467 8.24564 48.3877
59.0714 22.0912 -136.707 5.14281
58.9974 22.0354 -71.8502 1.10864
59.2941 22.7111 -119.137 28.207
58.3933 22.7548 -23.2521 43.467
58.1581 23.1651 -26.3569 62.4668
58.4018 22.7076 -21.9192 42.2453
58.3 22.4578 -9.02014 44.4749
58.6569 21.7025 34.3321 22.626
58.5604 22.3324 -11.5796 28.402
58.5295 21.3842 44.4797 34.2159
59.3327 22.17 -155.372 20.6842
59.528 21.1679 151.459 40.8038
58.8162 22.2273 -22.7084 13.1222
58.4122 22.8719 -28.037 44.6532
58.0782 22.1721 4.34994 55.701
