58.5683 20.8218 -164.704 45.0251
59.453 23.1621 12.2463 45.0069
59.3612 21.7261 -61.1532 23.3087
59.4208 22.3023 -19.9038 26.9701
59.4439 22.2242 -25.5803 27.5758
58.5775 20.7496 -162.525 46.5789
59.5982 22.1919 -30.7638 36.4582
58.9083 21.7285 -163.065 10.0803
58.9536 22.7837 56.2097 24.4958
59.1101 21.1825 -114.998 26.1782
58.2851 21.6022 156.347 44.7644
59.544 22.3362 -22.5894 34.3192
58.1073 21.2512 163.993 58.6135
59.1549 21.9688 -45.8973 9.36723
59.361 23.9346 29.1889 63.5409
58.6846 22.3303 111.366 21.5844
59.4273 22.9603 8.63168 39.2103
59.6773 23.4158 6.27173 59.5953
58.9893 21.1448 -131.02 26.5491
59.0159 21.3928 -126.833 18.8606
58.2725 21.7164 151.612 44.6454
59.4732 23.259 13.198 48.1192
58.9991 21.7261 -130.255 8.49915
59.0948 21.9483 -55.6726 5.92015
58.3109 20.939 179.195 53.1315
59.1796 22.4533 12.2125 17.7041
58.5676 22.2138 125.513 26.8494
59.0184 21.1006 -127.349 27.9224
58.1439 21.4074 160.131 54.7471
58.4727 21.2664 176.196 39.1362
59.1786 22.3107 1.69121 14.4181
58.0683 21.5338 154.862 57.9155
58.5479 21.0411 -171.826 40.4515
59.522 22.0109 -39.3946 31.399
59.5305 23.1816 8.24564 48.3877
58.9899 21.8354 -136.707 5.14281
59.0157 21.9811 -71.8502 1.10864
59.0853 21.105 -119.137 28.207
59.6914 22.4119 -23.2521 43.467
60.0084 22.4892 -26.3569 62.4668
59.667 22.4309 -21.9192 42.2453
59.6318 22.7516 -9.02014 44.4749
59.0997 22.7041 34.3321 22.626
59.4146 22.4409 -11.5796 28.402
59.0501 23.0992 44.4797 34.2159
58.8512 21.4003 -155.372 20.6842
58.3348 21.7437 151.459 40.8038
59.2083 22.1265 -22.7084 13.1222
59.726 22.3047 -28.037 44.6532
59.656 23.2793 4.34994 55.701
