59.6128 21.1589 -164.704 45.0251
58.4053 22.873 12.2463 45.0069
59.138 22.7034 -61.1532 23.3087
58.8434 22.8126 -19.9038 26.9701
58.883 22.8578 -25.5803 27.5758
59.6504 21.1773 -162.525 46.5789
58.8975 23.1563 -30.7638 36.4582
59.1403 21.822 -163.065 10.0803
58.595 21.9156 56.2097 24.4958
59.4202 22.2211 -114.998 26.1782
59.202 20.6075 156.347 44.7644
58.825 23.05 -22.5894 34.3192
59.3846 20.2546 163.993 58.6135
59.0157 22.3004 -45.8973 9.36723
58.0104 22.7073 29.1889 63.5409
58.8266 21.3925 111.366 21.5844
58.508 22.8234 8.63168 39.2103
58.2773 23.3004 6.27173 59.5953
59.4414 21.9846 -131.02 26.5491
59.3131 22.0339 -126.833 18.8606
59.1417 20.5848 151.612 44.6454
58.3561 22.912 13.198 48.1192
59.1413 21.9988 -130.255 8.49915
59.0265 22.1838 -55.6726 5.92015
59.5514 20.6513 179.195 53.1315
58.7669 22.3472 12.2125 17.7041
58.8856 21.165 125.513 26.8494
59.4638 22.0422 -127.349 27.9224
59.3026 20.3286 160.131 54.7471
59.3802 20.9708 176.196 39.1362
58.8401 22.3454 1.69121 14.4181
59.2343 20.1835 154.862 57.9155
59.4982 21.1179 -171.826 40.4515
58.9905 23.0116 -39.3946 31.399
58.3957 23.0206 8.24564 48.3877
59.0849 21.9806 -136.707 5.14281
59.0097 22.0304 -71.8502 1.10864
59.4605 22.1736 -119.137 28.207
58.7848 23.3331 -23.2521 43.467
58.7404 23.9419 -26.3569 62.4668
58.7756 23.2859 -21.9192 42.2453
58.6136 23.2153 -9.02014 44.4749
58.6376 22.1949 34.3321 22.626
58.7728 22.7997 -11.5796 28.402
58.4336 22.1044 44.4797 34.2159
59.3104 21.7118 -155.372 20.6842
59.1284 20.7064 151.459 40.8038
58.9345 22.403 -22.7084 13.1222
58.8385 23.4013 -28.037 44.6532
58.3463 23.2599 4.34994 55.701
