59.746 21.8784 -164.704 45.0251
58.2583 22.1916 12.2463 45.0069
58.9383 22.7409 -61.1532 23.3087
58.6548 22.552 -19.9038 26.9701
58.6775 22.6289 -25.5803 27.5758
59.7737 21.9323 -162.525 46.5789
58.6134 22.9 -30.7638 36.4582
59.1674 21.9825 -163.065 10.0803
58.6705 21.5381 56.2097 24.4958
59.3064 22.6019 -114.998 26.1782
59.5346 20.9885 156.347 44.7644
58.5777 22.7394 -22.5894 34.3192
59.7835 20.8636 163.993 58.6135
58.9361 22.275 -45.8973 9.36723
57.9566 21.6826 29.1889 63.5409
59.0067 21.3045 111.366 21.5844
58.3606 22.2446 8.63168 39.2103
58.0365 22.4434 6.27173 59.5953
59.3855 22.4192 -131.02 26.5491
59.2621 22.3351 -126.833 18.8606
59.4884 20.9088 151.612 44.6454
58.2054 22.1795 13.198 48.1192
59.1226 22.1364 -130.255 8.49915
58.9755 22.1847 -55.6726 5.92015
59.8243 21.3769 179.195 53.1315
58.7083 22.0767 12.2125 17.7041
59.1167 21.1634 125.513 26.8494
59.39 22.491 -127.349 27.9224
59.6936 20.8457 160.131 54.7471
59.5943 21.482 176.196 39.1362
58.7723 22.145 1.69121 14.4181
59.6724 20.6506 154.862 57.9155
59.658 21.7276 -171.826 40.4515
58.7313 22.8642 -39.3946 31.399
58.2119 22.3106 8.24564 48.3877
59.0785 22.0657 -136.707 5.14281
59.0006 22.0357 -71.8502 1.10864
59.3533 22.6009 -119.137 28.207
58.4701 22.9454 -23.2521 43.467
58.2751 23.427 -26.3569 62.4668
58.4742 22.8959 -21.9192 42.2453
58.3515 22.6825 -9.02014 44.4749
58.6354 21.8214 34.3321 22.626
58.5968 22.4738 -11.5796 28.402
58.4814 21.5498 44.4797 34.2159
59.3428 22.0543 -155.372 20.6842
59.4454 21.0016 151.459 40.8038
58.8394 22.2855 -22.7084 13.1222
58.4992 23.0548 -28.037 44.6532
58.1072 22.4721 4.34994 55.701
