58.795 23.3914 -164.704 45.0251
59.1509 20.5763 12.2463 45.0069
58.66 21.6411 -61.1532 23.3087
58.8448 21.1864 -19.9038 26.9701
58.7996 21.203 -25.5803 27.5758
58.7596 23.422 -162.525 46.5789
58.686 20.9995 -30.7638 36.4582
58.9508 22.3103 -163.065 10.0803
59.3377 21.5566 56.2097 24.4958
58.605 22.3525 -114.998 26.1782
59.2918 23.3328 156.347 44.7644
58.7768 20.9854 -22.5894 34.3192
59.2559 23.8295 163.993 58.6135
58.888 21.7906 -45.8973 9.36723
59.5027 20.1856 29.1889 63.5409
59.334 22.2559 111.366 21.5844
59.0918 20.7473 8.63168 39.2103
59.0941 20.0855 6.27173 59.5953
58.6657 22.5562 -131.02 26.5491
58.7485 22.3617 -126.833 18.8606
59.3467 23.2787 151.612 44.6454
59.1738 20.4825 13.198 48.1192
58.892 22.1764 -130.255 8.49915
58.9187 21.8927 -55.6726 5.92015
59.0011 23.7123 179.195 53.1315
59.0611 21.4414 12.2125 17.7041
59.3624 22.508 125.513 26.8494
58.6298 22.5401 -127.349 27.9224
59.2986 23.674 160.131 54.7471
59.0371 23.2599 176.196 39.1362
59.0062 21.5355 1.69121 14.4181
59.3979 23.7096 154.862 57.9155
58.898 23.2866 -171.826 40.4515
58.6663 21.2255 -39.3946 31.399
59.1062 20.4519 8.24564 48.3877
58.9413 22.1204 -136.707 5.14281
58.9825 21.9889 -71.8502 1.10864
58.5896 22.4374 -119.137 28.207
58.7083 20.7237 -23.2521 43.467
58.5265 20.2204 -26.3569 62.4668
58.7317 20.7467 -21.9192 42.2453
58.8764 20.5894 -9.02014 44.4749
59.2108 21.3942 34.3321 22.626
58.9021 21.1058 -11.5796 28.402
59.3962 21.2041 44.4797 34.2159
58.8553 22.6034 -155.372 20.6842
59.3189 23.166 151.459 40.8038
58.9152 21.6109 -22.7084 13.1222
58.6448 20.7427 -28.037 44.6532
59.0579 20.2069 4.34994 55.701
