59.6753 22.6324 -164.704 45.0251
58.3062 21.4617 12.2463 45.0069
58.7556 22.5809 -61.1532 23.3087
58.5581 22.1476 -19.9038 26.9701
58.5581 22.2357 -25.5803 27.5758
59.6852 22.7066 -162.525 46.5789
58.4325 22.4098 -30.7638 36.4582
59.1493 22.1478 -163.065 10.0803
58.8337 21.2811 56.2097 24.4958
59.1101 22.8175 -114.998 26.1782
59.7228 21.6522 156.347 44.7644
58.4428 22.2372 -22.5894 34.3192
59.969 21.7966 163.993 58.6135
58.8737 22.1764 -45.8973 9.36723
58.1748 20.7362 29.1889 63.5409
59.1854 21.4028 111.366 21.5844
58.3816 21.6034 8.63168 39.2103
58.0476 21.4763 6.27173 59.5953
59.2254 22.7381 -131.02 26.5491
59.1404 22.5446 -126.833 18.8606
59.7036 21.5367 151.612 44.6454
58.2631 21.4019 13.198 48.1192
59.071 22.2371 -130.255 8.49915
58.9311 22.1362 -55.6726 5.92015
59.8717 22.2807 179.195 53.1315
58.7273 21.786 12.2125 17.7041
59.3171 21.388 125.513 26.8494
59.2108 22.8042 -127.349 27.9224
59.8964 21.6895 160.131 54.7471
59.6468 22.1387 176.196 39.1362
58.7652 21.9065 1.69121 14.4181
59.9286 21.4991 154.862 57.9155
59.6384 22.4143 -171.826 40.4515
58.5442 22.4902 -39.3946 31.399
58.2349 21.5223 8.24564 48.3877
59.051 22.1331 -136.707 5.14281
58.9913 22.0315 -71.8502 1.10864
59.1509 22.8626 -119.137 28.207
58.2961 22.3147 -23.2521 43.467
58.0021 22.551 -26.3569 62.4668
58.3124 22.2757 -21.9192 42.2453
58.2606 21.976 -9.02014 44.4749
58.7299 21.4944 34.3321 22.626
58.5279 22.0249 -11.5796 28.402
58.6664 21.1111 44.4797 34.2159
59.2824 22.3819 -155.372 20.6842
59.6425 21.5739 151.459 40.8038
58.7871 22.0925 -22.7084 13.1222
58.2932 22.4366 -28.037 44.6532
58.1019 21.5664 4.34994 55.701
