58.5621 23.1695 -164.704 45.0251
59.3934 20.7591 12.2463 45.0069
58.7437 21.4386 -61.1532 23.3087
58.9978 21.1309 -19.9038 26.9701
58.9524 21.1167 -25.5803 27.5758
58.5234 23.1751 -162.525 46.5789
58.8817 20.8496 -30.7638 36.4582
58.899 22.2589 -163.065 10.0803
59.3954 21.8096 56.2097 24.4958
58.5663 22.0726 -114.998 26.1782
59.0394 23.4414 156.347 44.7644
58.9695 20.8961 -22.5894 34.3192
58.9185 23.8801 163.993 58.6135
58.9317 21.729 -45.8973 9.36723
59.7925 20.63 29.1889 63.5409
59.2685 22.4633 111.366 21.5844
59.3076 20.8809 8.63168 39.2103
59.427 20.256 6.27173 59.5953
58.5876 22.3033 -131.02 26.5491
58.6997 22.1745 -126.833 18.8606
59.1004 23.4276 151.612 44.6454
59.4315 20.6858 13.198 48.1192
58.8674 22.0945 -130.255 8.49915
58.9425 21.8453 -55.6726 5.92015
58.6995 23.6032 179.195 53.1315
59.156 21.5151 12.2125 17.7041
59.2508 22.7184 125.513 26.8494
58.5566 22.2649 -127.349 27.9224
58.9859 23.7638 160.131 54.7471
58.8129 23.2047 176.196 39.1362
59.0879 21.5672 1.69121 14.4181
59.0729 23.8631 154.862 57.9155
58.6774 23.1386 -171.826 40.4515
58.8231 21.0504 -39.3946 31.399
59.3734 20.6112 8.24564 48.3877
58.9236 22.0743 -136.707 5.14281
58.9855 21.9779 -71.8502 1.10864
58.5368 22.1424 -119.137 28.207
58.9515 20.6033 -23.2521 43.467
58.8696 20.0065 -26.3569 62.4668
58.9693 20.6405 -21.9192 42.2453
59.1332 20.5874 -9.02014 44.4749
59.3049 21.571 34.3321 22.626
59.066 21.0928 -11.5796 28.402
59.5125 21.5178 44.4797 34.2159
58.7575 22.4711 -155.372 20.6842
59.0942 23.304 151.459 40.8038
58.989 21.5777 -22.7084 13.1222
58.8884 20.5796 -28.037 44.6532
59.3714 20.3466 4.34994 55.701
