58.2753 22.3607 -164.704 45.0251
59.7119 21.5484 12.2463 45.0069
58.99 21.2492 -61.1532 23.3087
59.2871 21.3295 -19.9038 26.9701
59.2571 21.2614 -25.5803 27.5758
58.2435 22.3186 -162.525 46.5789
59.292 20.966 -30.7638 36.4582
58.8367 22.0731 -163.065 10.0803
59.3649 22.3524 56.2097 24.4958
58.6425 21.5211 -114.998 26.1782
58.5537 23.1472 156.347 44.7644
59.3437 21.1126 -22.5894 34.3192
58.3161 23.3326 163.993 58.6135
59.0376 21.7069 -45.8973 9.36723
60.0563 21.9701 29.1889 63.5409
59.052 22.6888 111.366 21.5844
59.6063 21.5313 8.63168 39.2103
59.9047 21.2063 6.27173 59.5953
58.5822 21.7251 -131.02 26.5491
58.7115 21.7629 -126.833 18.8606
58.6052 23.2115 151.612 44.6454
59.7651 21.5415 13.198 48.1192
58.867 21.9078 -130.255 8.49915
59.0073 21.8097 -55.6726 5.92015
58.2383 22.858 179.195 53.1315
59.2802 21.8243 12.2125 17.7041
58.9542 22.8601 125.513 26.8494
58.5711 21.6577 -127.349 27.9224
58.4064 23.3262 160.131 54.7471
58.4574 22.6908 176.196 39.1362
59.2109 21.7783 1.69121 14.4181
58.4406 23.5072 154.862 57.9155
58.3747 22.4761 -171.826 40.4515
59.1803 21.0478 -39.3946 31.399
59.7459 21.4092 8.24564 48.3877
58.9168 21.962 -136.707 5.14281
58.9962 21.965 -71.8502 1.10864
58.5966 21.5391 -119.137 28.207
59.4275 20.8634 -23.2521 43.467
59.5644 20.296 -26.3569 62.4668
59.4287 20.9148 -21.9192 42.2453
59.5713 21.0824 -9.02014 44.4749
59.3751 22.0557 34.3321 22.626
59.3518 21.3863 -11.5796 28.402
59.5505 22.2802 44.4797 34.2159
58.6576 22.0618 -155.372 20.6842
58.6411 23.1102 151.459 40.8038
59.1318 21.6623 -22.7084 13.1222
59.3872 20.7652 -28.037 44.6532
59.8324 21.2037 4.34994 55.701
