58.6735 23.2997 -164.704 45.0251
59.2763 20.6466 12.2463 45.0069
58.6973 21.5329 -61.1532 23.3087
58.92 21.1458 -19.9038 26.9701
58.874 21.1471 -25.5803 27.5758
58.6359 23.318 -162.525 46.5789
58.7805 20.9083 -30.7638 36.4582
58.9238 22.289 -163.065 10.0803
59.3723 21.6781 56.2097 24.4958
58.5794 22.2157 -114.998 26.1782
59.1681 23.4088 156.347 44.7644
58.8711 20.9246 -22.5894 34.3192
59.0883 23.8836 163.993 58.6135
58.9084 21.7561 -45.8973 9.36723
59.6576 20.3818 29.1889 63.5409
59.3059 22.3653 111.366 21.5844
59.2027 20.7955 8.63168 39.2103
59.2644 20.1419 6.27173 59.5953
58.6209 22.4361 -131.02 26.5491
58.7199 22.2722 -126.833 18.8606
59.2269 23.3744 151.612 44.6454
59.3072 20.5617 13.198 48.1192
58.8779 22.1375 -130.255 8.49915
58.9295 21.867 -55.6726 5.92015
58.8479 23.683 179.195 53.1315
59.1102 21.4701 12.2125 17.7041
59.3113 22.6229 125.513 26.8494
58.587 22.4085 -127.349 27.9224
59.1443 23.7457 160.131 54.7471
58.9237 23.2512 176.196 39.1362
59.0478 21.5444 1.69121 14.4181
59.2388 23.8144 154.862 57.9155
58.7843 23.231 -171.826 40.4515
58.7408 21.1249 -39.3946 31.399
59.2434 20.5084 8.24564 48.3877
58.9314 22.0989 -136.707 5.14281
58.9837 21.9832 -71.8502 1.10864
58.5566 22.2942 -119.137 28.207
58.8272 20.6432 -23.2521 43.467
58.6932 20.0852 -26.3569 62.4668
58.8481 20.6737 -21.9192 42.2453
59.0047 20.5666 -9.02014 44.4749
59.2618 21.4744 34.3321 22.626
58.9838 21.0855 -11.5796 28.402
59.4614 21.3507 44.4797 34.2159
58.8034 22.5454 -155.372 20.6842
59.2097 23.2544 151.459 40.8038
58.9513 21.5881 -22.7084 13.1222
58.7629 20.641 -28.037 44.6532
59.2178 20.2497 4.34994 55.701
