58.3863 21.1762 -164.704 45.0251
59.6305 22.7883 12.2463 45.0069
59.2909 21.5015 -61.1532 23.3087
59.4484 22.0015 -19.9038 26.9701
59.4563 21.9124 -25.5803 27.5758
58.3822 21.1027 -162.525 46.5789
59.5953 21.7767 -30.7638 36.4582
58.8659 21.8056 -163.065 10.0803
59.0948 22.7688 56.2097 24.4958
58.9594 21.1605 -114.998 26.1782
58.2571 22.09 156.347 44.7644
59.57 21.9492 -22.5894 34.3192
58.0276 21.8721 163.993 58.6135
59.14 21.8676 -45.8973 9.36723
59.681 23.5813 29.1889 63.5409
58.7618 22.5185 111.366 21.5844
59.5708 22.6157 8.63168 39.2103
59.8856 22.8726 6.27173 59.5953
58.8392 21.205 -131.02 26.5491
58.9079 21.4198 -126.833 18.8606
58.2654 22.2055 151.612 44.6454
59.6666 22.8659 13.198 48.1192
58.9508 21.7434 -130.255 8.49915
59.0799 21.8885 -55.6726 5.92015
58.1644 21.4503 179.195 53.1315
59.2487 22.3063 12.2125 17.7041
58.6311 22.4847 125.513 26.8494
58.8587 21.1446 -127.349 27.9224
58.0896 21.9961 160.131 54.7471
58.3746 21.6545 176.196 39.1362
59.2226 22.1729 1.69121 14.4181
58.0407 22.1626 154.862 57.9155
58.4056 21.3949 -171.826 40.4515
59.492 21.6591 -39.3946 31.399
59.7066 22.7535 8.24564 48.3877
58.9615 21.8521 -136.707 5.14281
59.0114 21.9719 -71.8502 1.10864
58.9224 21.1045 -119.137 28.207
59.7215 21.9188 -23.2521 43.467
60.032 21.7702 -26.3569 62.4668
59.702 21.9535 -21.9192 42.2453
59.7256 22.2789 -9.02014 44.4749
59.218 22.5961 34.3321 22.626
59.4671 22.1359 -11.5796 28.402
59.2413 23.0021 44.4797 34.2159
58.7544 21.535 -155.372 20.6842
58.3289 22.1916 151.459 40.8038
59.2179 21.9799 -22.7084 13.1222
59.735 21.7944 -28.037 44.6532
59.8415 22.7587 4.34994 55.701
